/**************************************************************************/
/*  gdextension_interface_dump.gen.h                                      */
/**************************************************************************/
/*                         This file is part of:                          */
/*                             GODOT ENGINE                               */
/*                        https://godotengine.org                         */
/**************************************************************************/
/* Copyright (c) 2014-present Godot Engine contributors (see AUTHORS.md). */
/* Copyright (c) 2007-2014 Juan Linietsky, Ariel Manzur.                  */
/*                                                                        */
/* Permission is hereby granted, free of charge, to any person obtaining  */
/* a copy of this software and associated documentation files (the        */
/* "Software"), to deal in the Software without restriction, including    */
/* without limitation the rights to use, copy, modify, merge, publish,    */
/* distribute, sublicense, and/or sell copies of the Software, and to     */
/* permit persons to whom the Software is furnished to do so, subject to  */
/* the following conditions:                                              */
/*                                                                        */
/* The above copyright notice and this permission notice shall be         */
/* included in all copies or substantial portions of the Software.        */
/*                                                                        */
/* THE SOFTWARE IS PROVIDED "AS IS", WITHOUT WARRANTY OF ANY KIND,        */
/* EXPRESS OR IMPLIED, INCLUDING BUT NOT LIMITED TO THE WARRANTIES OF     */
/* MERCHANTABILITY, FITNESS FOR A PARTICULAR PURPOSE AND NONINFRINGEMENT. */
/* IN NO EVENT SHALL THE AUTHORS OR COPYRIGHT HOLDERS BE LIABLE FOR ANY   */
/* CLAIM, DAMAGES OR OTHER LIABILITY, WHETHER IN AN ACTION OF CONTRACT,   */
/* TORT OR OTHERWISE, ARISING FROM, OUT OF OR IN CONNECTION WITH THE      */
/* SOFTWARE OR THE USE OR OTHER DEALINGS IN THE SOFTWARE.                 */
/**************************************************************************/

/* THIS FILE IS GENERATED. EDITS WILL BE LOST. */

#pragma once

#ifdef TOOLS_ENABLED

#include "core/io/compression.h"
#include "core/io/file_access.h"
#include "core/string/ustring.h"

inline constexpr int _gdextension_interface_data_compressed_size = 20145;
inline constexpr int _gdextension_interface_data_uncompressed_size = 316636;
inline constexpr unsigned char _gdextension_interface_data_compressed[] = {
	120, 218, 237, 189, 125, 119, 219, 56, 178, 55, 248, 255, 124, 10, 172, 207, 238, 182, 61, 199, 241, 116, 236, 116, 166,
	111, 230, 60, 123, 86, 177, 149, 180, 102, 28, 43, 215, 150, 211, 221, 207, 102, 14, 13, 145, 144, 196, 9, 69, 106, 8,
	210, 142, 250, 158, 249, 238, 91, 5, 144, 20, 37, 81, 111, 20, 64, 82, 54, 250, 204, 75, 219, 150, 128, 66, 189, 252,
	170, 80, 40, 20, 254, 231, 79, 4, 254, 57, 178, 236, 96, 50, 13, 221, 225, 40, 58, 122, 71, 254, 63, 241, 59, 241, 251,
	191, 252, 89, 217, 63, 127, 57, 58, 205, 143, 75, 86, 253, 211, 27, 185, 156, 12, 92, 143, 17, 248, 255, 9, 13, 35, 18,
	12, 222, 173, 252, 52, 217, 122, 92, 252, 231, 99, 247, 170, 219, 35, 237, 155, 143, 157, 155, 54, 89, 255, 207, 182,
	227, 142, 162, 104, 194, 223, 253, 229, 47, 195, 192, 9, 34, 230, 15, 93, 159, 157, 5, 225, 112, 235, 113, 181, 241,
	247, 50, 149, 40, 57, 182, 79, 200, 249, 143, 175, 223, 188, 154, 132, 140, 51, 63, 34, 31, 145, 86, 210, 22, 196, 18,
	59, 240, 163, 208, 237, 199, 81, 16, 114, 114, 204, 25, 35, 173, 251, 222, 47, 221, 219, 187, 179, 177, 115, 114, 70,
	54, 142, 251, 227, 95, 95, 225, 224, 228, 239, 49, 245, 201, 181, 235, 187, 44, 226, 223, 166, 167, 164, 21, 186, 204,
	35, 159, 168, 255, 71, 28, 158, 237, 41, 183, 29, 254, 89, 26, 247, 51, 11, 199, 46, 231, 110, 224, 163, 66, 141, 88,
	200, 250, 83, 50, 12, 169, 31, 49, 231, 148, 12, 66, 88, 112, 48, 32, 246, 136, 134, 67, 118, 74, 162, 128, 80, 127,
	74, 38, 44, 228, 240, 133, 160, 31, 81, 88, 145, 63, 44, 24, 151, 18, 180, 25, 252, 110, 132, 26, 203, 131, 65, 244,
	68, 67, 6, 95, 119, 8, 229, 60, 176, 93, 10, 51, 16, 39, 176, 227, 49, 48, 157, 70, 72, 1, 234, 53, 112, 57, 26, 177,
	149, 244, 126, 61, 186, 75, 134, 250, 122, 116, 34, 8, 114, 24, 245, 136, 235, 19, 252, 86, 250, 55, 242, 228, 70, 163,
	32, 142, 8, 136, 20, 196, 103, 227, 232, 167, 240, 33, 219, 139, 29, 65, 111, 193, 200, 233, 87, 60, 119, 236, 38, 244,
	224, 144, 66, 152, 28, 39, 138, 57, 112, 0, 87, 117, 74, 198, 129, 227, 14, 240, 255, 153, 96, 203, 36, 238, 123, 46,
	31, 157, 22, 142, 235, 184, 92, 106, 16, 124, 144, 227, 7, 109, 230, 227, 72, 192, 137, 191, 4, 33, 225, 204, 243, 112,
	84, 23, 86, 46, 184, 53, 91, 133, 248, 12, 206, 92, 56, 238, 4, 37, 23, 37, 178, 16, 4, 62, 141, 130, 241, 60, 27, 16,
	43, 226, 208, 7, 218, 152, 24, 200, 9, 64, 18, 130, 140, 127, 49, 59, 18, 67, 47, 141, 139, 3, 12, 2, 207, 11, 158,
	144, 83, 160, 255, 142, 139, 204, 224, 239, 246, 212, 52, 93, 26, 220, 3, 122, 105, 63, 120, 100, 36, 67, 105, 226, 7,
	17, 176, 89, 178, 15, 213, 111, 50, 211, 242, 228, 79, 124, 68, 129, 239, 125, 182, 122, 92, 169, 45, 192, 55, 208, 45,
	154, 147, 81, 136, 236, 227, 17, 88, 136, 11, 138, 55, 9, 66, 193, 157, 69, 217, 157, 85, 207, 135, 95, 218, 228, 174,
	251, 161, 247, 107, 235, 182, 77, 58, 119, 228, 243, 109, 247, 75, 231, 170, 125, 5, 38, 211, 186, 131, 95, 124, 61,
	58, 37, 191, 118, 0, 187, 238, 123, 4, 62, 115, 219, 186, 233, 253, 78, 186, 31, 72, 235, 230, 119, 242, 143, 206, 205,
	213, 233, 202, 145, 219, 191, 125, 190, 109, 223, 221, 145, 238, 45, 233, 124, 250, 124, 221, 105, 195, 103, 59, 55,
	151, 215, 247, 87, 157, 155, 143, 228, 61, 140, 119, 3, 126, 227, 186, 243, 169, 211, 131, 233, 122, 93, 65, 74, 50,
	69, 167, 125, 135, 147, 20, 142, 251, 169, 125, 123, 249, 11, 124, 166, 245, 190, 115, 221, 233, 253, 126, 74, 62, 116,
	122, 55, 56, 209, 7, 152, 169, 69, 62, 183, 110, 123, 157, 203, 251, 235, 214, 45, 249, 124, 127, 251, 185, 123, 215,
	6, 90, 175, 96, 174, 155, 206, 205, 135, 91, 152, 186, 253, 169, 125, 211, 43, 192, 224, 206, 13, 124, 136, 180, 191,
	192, 95, 201, 221, 47, 173, 235, 107, 65, 80, 130, 219, 184, 138, 203, 238, 231, 223, 111, 59, 31, 127, 233, 145, 95,
	186, 215, 87, 109, 248, 229, 251, 54, 208, 223, 122, 127, 221, 150, 115, 3, 75, 10, 232, 189, 188, 110, 117, 62, 157,
	146, 171, 214, 167, 214, 199, 182, 24, 168, 11, 3, 223, 138, 111, 38, 43, 248, 245, 151, 182, 248, 21, 144, 208, 130,
	255, 92, 246, 58, 221, 27, 92, 255, 101, 247, 166, 119, 11, 63, 158, 22, 74, 174, 123, 219, 203, 70, 251, 181, 115,
	215, 6, 247, 112, 219, 185, 67, 230, 126, 184, 237, 194, 140, 40, 50, 24, 164, 43, 198, 133, 161, 110, 218, 114, 96,
	20, 167, 88, 91, 49, 127, 51, 109, 128, 47, 226, 167, 238, 239, 218, 51, 162, 175, 218, 173, 107, 152, 225, 14, 135,
	204, 171, 206, 89, 149, 62, 89, 12, 251, 79, 57, 250, 209, 255, 201, 237, 17, 27, 83, 8, 177, 142, 206, 254, 50, 116,
	216, 119, 8, 24, 208, 100, 45, 23, 156, 81, 56, 160, 54, 59, 147, 159, 56, 251, 23, 32, 94, 66, 211, 209, 32, 8, 199,
	52, 178, 30, 1, 6, 225, 179, 240, 229, 215, 201, 31, 162, 233, 132, 241, 185, 120, 237, 127, 254, 148, 95, 214, 145,
	79, 199, 12, 39, 251, 120, 213, 78, 167, 250, 66, 67, 23, 12, 187, 7, 95, 205, 173, 89, 124, 250, 155, 235, 59, 248,
	105, 230, 199, 227, 197, 191, 61, 82, 47, 94, 152, 171, 120, 206, 162, 185, 127, 235, 181, 111, 238, 64, 154, 214, 23,
	16, 58, 88, 131, 213, 251, 253, 115, 219, 186, 233, 92, 47, 204, 50, 63, 27, 124, 249, 199, 165, 63, 255, 231, 84, 217,
	252, 239, 187, 221, 141, 4, 188, 214, 73, 64, 231, 166, 183, 105, 254, 115, 157, 243, 127, 184, 238, 182, 54, 82, 112,
	161, 147, 130, 187, 30, 130, 220, 38, 18, 222, 232, 36, 225, 11, 0, 77, 247, 246, 124, 19, 13, 63, 85, 64, 67, 103, 19,
	17, 111, 117, 18, 113, 11, 68, 108, 100, 195, 95, 181, 83, 176, 145, 9, 63, 235, 151, 196, 197, 38, 26, 254, 171, 2,
	26, 54, 50, 226, 181, 86, 116, 4, 95, 126, 115, 7, 145, 194, 167, 243, 171, 141, 132, 188, 214, 207, 142, 55, 27, 137,
	56, 175, 128, 136, 205, 50, 209, 10, 151, 159, 175, 91, 55, 237, 141, 36, 104, 133, 203, 255, 190, 111, 245, 218, 183,
	55, 240, 251, 141, 116, 104, 133, 204, 86, 235, 253, 251, 141, 20, 104, 197, 203, 247, 173, 187, 206, 221, 70, 18, 254,
	90, 137, 141, 94, 108, 182, 81, 173, 176, 9, 27, 177, 191, 203, 128, 125, 35, 29, 90, 161, 243, 178, 123, 221, 189,
	221, 24, 83, 253, 168, 63, 164, 177, 110, 90, 159, 54, 90, 234, 185, 86, 220, 188, 233, 94, 129, 96, 90, 189, 95, 54,
	146, 161, 21, 57, 111, 59, 27, 117, 243, 92, 43, 104, 118, 223, 163, 106, 110, 164, 65, 43, 106, 94, 194, 14, 29, 183,
	222, 27, 169, 208, 138, 153, 119, 157, 143, 55, 173, 141, 91, 158, 115, 173, 168, 121, 213, 17, 48, 209, 186, 253, 125,
	35, 29, 90, 161, 19, 83, 55, 155, 73, 208, 11, 154, 173, 203, 127, 180, 175, 172, 247, 191, 247, 182, 37, 231, 191, 42,
	32, 7, 54, 165, 23, 231, 219, 209, 115, 241, 99, 53, 244, 188, 125, 179, 37, 61, 175, 43, 160, 71, 108, 154, 183, 230,
	208, 121, 85, 20, 109, 205, 163, 139, 10, 40, 74, 124, 224, 118, 4, 189, 169, 128, 160, 100, 131, 189, 37, 69, 63, 85,
	70, 209, 197, 150, 20, 189, 173, 128, 34, 17, 59, 109, 73, 207, 95, 43, 227, 208, 182, 106, 173, 55, 43, 144, 252, 240,
	169, 245, 219, 70, 66, 10, 48, 122, 238, 55, 255, 252, 83, 1, 129, 91, 167, 109, 187, 19, 22, 210, 40, 8, 235, 75, 221,
	118, 63, 91, 109, 216, 4, 214, 150, 186, 133, 249, 111, 186, 189, 237, 104, 120, 173, 143, 134, 235, 246, 221, 93, 93,
	201, 219, 100, 250, 237, 120, 112, 161, 143, 136, 143, 183, 109, 76, 6, 212, 149, 190, 157, 81, 176, 29, 39, 126, 210,
	71, 71, 235, 234, 170, 174, 220, 45, 204, 126, 119, 255, 94, 156, 188, 213, 149, 188, 5, 18, 62, 221, 95, 247, 58, 159,
	175, 127, 175, 43, 121, 11, 36, 92, 117, 240, 44, 184, 174, 204, 45, 194, 82, 251, 35, 40, 99, 109, 89, 91, 160, 224,
	115, 247, 174, 211, 235, 124, 105, 215, 150, 176, 69, 77, 232, 94, 221, 111, 222, 232, 190, 62, 215, 201, 133, 95, 55,
	131, 210, 107, 141, 184, 120, 247, 75, 231, 67, 15, 32, 250, 67, 175, 182, 92, 109, 70, 133, 168, 1, 168, 45, 85, 11,
	100, 188, 239, 244, 172, 214, 205, 85, 109, 185, 218, 132, 132, 205, 105, 193, 215, 127, 213, 75, 193, 111, 91, 144,
	240, 179, 94, 18, 182, 68, 40, 141, 24, 185, 133, 38, 156, 107, 4, 200, 45, 146, 195, 26, 161, 113, 11, 13, 56, 63,
	215, 26, 54, 215, 150, 137, 133, 233, 59, 55, 181, 229, 96, 209, 45, 109, 222, 186, 21, 37, 95, 21, 110, 221, 62, 71,
	43, 119, 109, 35, 234, 59, 222, 82, 57, 142, 195, 184, 29, 186, 147, 72, 214, 252, 44, 111, 222, 142, 58, 190, 44, 253,
	107, 125, 238, 96, 97, 30, 150, 158, 194, 127, 199, 177, 23, 185, 19, 143, 145, 65, 236, 219, 178, 112, 239, 105, 228,
	218, 35, 194, 190, 79, 68, 69, 228, 136, 17, 155, 122, 30, 11, 177, 56, 114, 66, 57, 39, 148, 76, 2, 81, 129, 84, 192,
	162, 163, 192, 39, 33, 139, 226, 208, 39, 130, 81, 132, 138, 162, 108, 88, 38, 124, 254, 172, 232, 11, 64, 86, 16, 58,
	114, 248, 49, 253, 198, 136, 27, 17, 219, 99, 52, 36, 238, 32, 63, 59, 31, 5, 177, 135, 181, 135, 46, 150, 25, 186,
	127, 48, 89, 140, 154, 159, 43, 8, 177, 152, 177, 104, 146, 39, 70, 70, 244, 17, 190, 242, 20, 144, 129, 71, 31, 225,
	147, 88, 158, 136, 5, 81, 239, 138, 62, 255, 138, 60, 228, 68, 242, 219, 111, 191, 129, 56, 30, 200, 0, 190, 150, 44,
	157, 192, 58, 169, 159, 163, 198, 145, 52, 108, 30, 236, 222, 207, 125, 105, 197, 200, 177, 191, 213, 192, 69, 191,
	187, 9, 162, 149, 107, 130, 191, 97, 253, 47, 202, 21, 43, 89, 163, 81, 192, 145, 131, 255, 142, 221, 144, 97, 205, 49,
	7, 94, 251, 132, 51, 54, 230, 192, 174, 112, 236, 49, 206, 79, 73, 63, 142, 200, 147, 235, 121, 4, 132, 34, 106, 102,
	99, 95, 234, 6, 115, 138, 166, 225, 108, 56, 160, 160, 84, 40, 141, 49, 27, 7, 225, 20, 191, 248, 141, 28, 227, 26, 93,
	31, 235, 68, 109, 89, 142, 12, 138, 132, 180, 184, 3, 215, 38, 118, 48, 158, 184, 32, 230, 191, 116, 239, 78, 241, 155,
	79, 35, 230, 163, 180, 138, 102, 240, 105, 228, 130, 44, 179, 114, 56, 78, 96, 208, 48, 34, 78, 128, 171, 154, 68, 33,
	106, 12, 178, 145, 81, 208, 227, 0, 117, 253, 228, 172, 152, 35, 157, 148, 205, 178, 188, 121, 28, 243, 8, 75, 96, 157,
	192, 79, 72, 20, 181, 191, 137, 101, 100, 18, 146, 74, 7, 146, 233, 79, 201, 195, 163, 180, 87, 107, 200, 34, 11, 230,
	182, 108, 32, 40, 10, 99, 59, 10, 194, 135, 211, 162, 89, 255, 96, 97, 240, 42, 147, 175, 20, 4, 35, 98, 152, 190, 199,
	82, 61, 7, 69, 70, 74, 112, 52, 23, 172, 3, 38, 163, 168, 8, 110, 206, 2, 18, 154, 25, 200, 209, 17, 133, 234, 228,
	255, 40, 94, 229, 93, 48, 102, 82, 217, 165, 21, 248, 88, 35, 158, 18, 41, 107, 248, 31, 102, 197, 133, 116, 226, 138,
	122, 194, 135, 31, 56, 121, 24, 81, 110, 205, 62, 11, 138, 234, 50, 207, 57, 57, 69, 133, 45, 154, 11, 86, 50, 70, 3,
	6, 152, 161, 222, 19, 157, 130, 104, 232, 128, 161, 210, 240, 111, 238, 68, 154, 243, 140, 63, 66, 237, 151, 172, 24,
	204, 126, 26, 196, 2, 156, 176, 208, 152, 140, 226, 16, 116, 232, 111, 175, 78, 142, 84, 192, 235, 37, 78, 95, 22, 99,
	1, 201, 192, 76, 182, 6, 108, 151, 75, 109, 128, 47, 192, 138, 89, 57, 130, 231, 240, 162, 58, 194, 231, 32, 104, 175,
	5, 220, 69, 33, 40, 249, 13, 252, 97, 51, 217, 123, 200, 116, 151, 105, 182, 225, 206, 218, 241, 212, 75, 182, 106,
	242, 85, 203, 183, 2, 217, 170, 100, 76, 133, 50, 213, 79, 182, 58, 89, 118, 197, 53, 24, 173, 178, 220, 118, 138, 109,
	152, 178, 114, 44, 245, 178, 172, 138, 108, 117, 178, 196, 154, 125, 173, 146, 220, 110, 130, 109, 24, 178, 98, 36,
	245, 82, 172, 130, 100, 117, 18, 252, 36, 66, 187, 247, 64, 220, 206, 52, 43, 97, 93, 199, 143, 86, 205, 10, 171, 163,
	124, 241, 143, 24, 98, 226, 31, 33, 74, 126, 251, 198, 138, 74, 234, 214, 251, 32, 240, 74, 77, 27, 195, 188, 63, 239,
	58, 173, 180, 197, 78, 178, 47, 89, 170, 62, 219, 126, 230, 61, 86, 124, 203, 6, 90, 13, 117, 171, 241, 183, 81, 250,
	226, 129, 148, 232, 218, 37, 236, 217, 218, 97, 24, 132, 245, 92, 53, 194, 146, 59, 171, 251, 143, 170, 143, 169, 197,
	180, 237, 219, 219, 238, 173, 213, 185, 249, 210, 186, 238, 92, 89, 159, 218, 189, 95, 186, 87, 85, 159, 85, 23, 16,
	210, 186, 253, 120, 143, 247, 9, 55, 38, 194, 86, 252, 125, 83, 66, 42, 251, 96, 59, 201, 38, 192, 94, 207, 113, 7, 3,
	134, 138, 71, 146, 109, 181, 216, 182, 158, 29, 21, 126, 249, 159, 250, 120, 208, 235, 118, 173, 79, 173, 155, 223, 51,
	38, 108, 60, 189, 191, 80, 198, 5, 47, 120, 98, 33, 1, 77, 239, 51, 145, 165, 162, 225, 80, 220, 8, 231, 245, 176, 225,
	67, 251, 215, 237, 185, 240, 70, 25, 23, 70, 238, 112, 212, 20, 54, 116, 110, 238, 122, 173, 155, 203, 182, 213, 185,
	179, 110, 238, 175, 43, 47, 29, 200, 145, 34, 209, 65, 212, 180, 92, 118, 129, 172, 141, 117, 4, 251, 10, 228, 158,
	131, 48, 48, 79, 35, 32, 94, 36, 99, 183, 23, 128, 146, 132, 77, 234, 24, 86, 57, 5, 153, 77, 90, 252, 235, 152, 161,
	226, 148, 242, 11, 172, 96, 182, 37, 151, 191, 210, 117, 41, 144, 125, 170, 234, 155, 104, 128, 168, 227, 226, 60, 31,
	117, 148, 159, 114, 77, 70, 119, 203, 41, 21, 158, 125, 124, 8, 131, 49, 242, 242, 114, 150, 42, 252, 16, 251, 246, 42,
	5, 72, 243, 179, 139, 127, 207, 16, 99, 23, 37, 40, 144, 239, 170, 12, 220, 30, 108, 47, 152, 37, 221, 80, 232, 225,
	44, 142, 142, 108, 77, 200, 111, 34, 103, 87, 51, 96, 31, 182, 174, 149, 151, 66, 157, 253, 200, 96, 19, 17, 177, 208,
	167, 30, 204, 85, 134, 169, 50, 9, 110, 165, 200, 253, 63, 127, 90, 185, 188, 199, 192, 117, 254, 60, 191, 156, 255,
	104, 146, 144, 118, 246, 193, 200, 105, 149, 106, 27, 151, 190, 174, 92, 85, 169, 58, 166, 180, 76, 44, 143, 13, 162,
	93, 224, 62, 159, 251, 80, 0, 189, 19, 75, 54, 210, 170, 143, 130, 208, 10, 25, 143, 189, 93, 72, 208, 139, 86, 48,
	242, 251, 216, 245, 192, 162, 100, 10, 164, 98, 133, 232, 83, 206, 148, 240, 162, 132, 46, 0, 233, 124, 211, 220, 50,
	20, 91, 161, 16, 127, 86, 165, 17, 136, 70, 53, 114, 65, 8, 208, 178, 131, 120, 159, 56, 72, 145, 50, 230, 220, 101,
	179, 85, 81, 181, 67, 213, 172, 151, 138, 196, 115, 197, 14, 67, 58, 218, 65, 243, 142, 69, 203, 101, 57, 207, 25, 45,
	87, 149, 198, 148, 244, 156, 138, 196, 240, 241, 0, 196, 160, 62, 134, 216, 85, 22, 218, 197, 208, 241, 29, 246, 157,
	57, 47, 206, 40, 92, 92, 247, 14, 147, 227, 49, 207, 51, 182, 198, 68, 13, 94, 162, 81, 214, 166, 11, 13, 68, 131, 127,
	176, 233, 11, 196, 130, 111, 108, 90, 171, 254, 53, 19, 18, 132, 46, 188, 76, 64, 168, 87, 33, 154, 138, 11, 151, 35,
	102, 127, 219, 93, 25, 182, 79, 217, 197, 133, 123, 212, 255, 212, 175, 92, 106, 242, 217, 123, 233, 87, 21, 57, 198,
	251, 200, 245, 220, 104, 250, 97, 133, 32, 181, 90, 125, 3, 146, 41, 13, 72, 41, 53, 43, 169, 115, 233, 81, 206, 247,
	72, 235, 108, 111, 249, 133, 117, 127, 219, 163, 192, 63, 203, 150, 110, 201, 130, 38, 44, 30, 115, 253, 225, 101, 200,
	104, 196, 240, 160, 178, 79, 237, 111, 135, 119, 50, 49, 83, 162, 40, 248, 198, 54, 90, 82, 1, 25, 229, 3, 104, 201,
	200, 178, 83, 170, 80, 214, 5, 97, 126, 8, 89, 105, 81, 190, 48, 238, 151, 152, 178, 47, 153, 220, 32, 121, 223, 50,
	81, 19, 101, 87, 96, 191, 139, 101, 152, 207, 201, 146, 247, 20, 108, 153, 115, 189, 84, 112, 59, 120, 254, 101, 182,
	235, 82, 171, 84, 155, 120, 101, 133, 53, 182, 240, 66, 150, 93, 172, 198, 235, 211, 18, 235, 220, 153, 2, 97, 225,
	187, 46, 10, 8, 155, 131, 102, 21, 251, 165, 84, 131, 20, 208, 182, 12, 35, 26, 67, 171, 116, 110, 109, 117, 205, 56,
	201, 29, 139, 158, 7, 20, 110, 235, 230, 214, 113, 89, 9, 98, 137, 127, 219, 113, 251, 54, 127, 211, 172, 190, 172,
	145, 246, 109, 164, 96, 249, 71, 163, 115, 207, 81, 231, 196, 30, 125, 7, 42, 42, 83, 182, 219, 213, 87, 82, 212, 100,
	165, 230, 239, 173, 28, 140, 162, 41, 201, 11, 133, 193, 132, 133, 209, 180, 227, 15, 130, 202, 130, 160, 104, 249,
	126, 203, 22, 138, 166, 170, 180, 120, 71, 99, 83, 110, 103, 54, 74, 214, 170, 155, 138, 145, 187, 57, 255, 148, 101,
	108, 247, 173, 160, 127, 239, 70, 162, 107, 2, 94, 98, 120, 72, 85, 238, 23, 24, 253, 129, 28, 59, 108, 224, 250, 242,
	69, 181, 162, 14, 12, 39, 26, 239, 58, 32, 15, 44, 46, 56, 187, 179, 40, 20, 137, 33, 230, 116, 200, 234, 149, 195, 61,
	146, 240, 193, 163, 67, 174, 84, 26, 42, 208, 73, 150, 62, 86, 138, 77, 117, 219, 229, 156, 231, 218, 158, 142, 57, 28,
	87, 177, 25, 68, 125, 168, 71, 47, 23, 157, 160, 84, 2, 169, 160, 26, 193, 192, 117, 42, 188, 107, 178, 219, 57, 128,
	50, 62, 183, 210, 48, 230, 29, 121, 0, 75, 199, 30, 69, 217, 145, 4, 88, 63, 182, 172, 241, 9, 13, 67, 42, 30, 105,
	229, 216, 97, 234, 97, 158, 84, 157, 18, 152, 5, 89, 229, 244, 94, 73, 202, 106, 145, 45, 21, 75, 232, 74, 78, 63, 187,
	234, 183, 131, 164, 138, 73, 215, 41, 177, 37, 202, 74, 109, 31, 254, 172, 121, 255, 144, 234, 200, 181, 203, 53, 110,
	92, 151, 142, 15, 215, 168, 230, 243, 220, 199, 134, 187, 217, 138, 86, 177, 99, 22, 114, 31, 185, 63, 151, 204, 130,
	183, 188, 246, 189, 52, 87, 175, 148, 206, 141, 152, 20, 138, 169, 4, 29, 187, 57, 59, 141, 154, 145, 174, 237, 146,
	250, 183, 236, 17, 254, 205, 100, 28, 27, 159, 113, 84, 46, 124, 204, 253, 25, 225, 155, 116, 115, 133, 233, 230, 47,
	216, 95, 148, 70, 153, 87, 50, 154, 167, 84, 243, 38, 197, 108, 221, 103, 135, 167, 76, 244, 55, 65, 132, 125, 120,
	105, 229, 197, 145, 13, 146, 207, 211, 136, 42, 171, 74, 92, 106, 206, 61, 9, 25, 112, 87, 52, 132, 43, 176, 11, 238,
	34, 3, 96, 252, 55, 103, 69, 143, 106, 131, 101, 77, 60, 106, 51, 11, 123, 18, 111, 18, 223, 249, 130, 53, 41, 210,
	138, 115, 163, 22, 149, 100, 199, 176, 108, 8, 220, 62, 223, 220, 139, 165, 154, 170, 33, 193, 212, 94, 112, 87, 116,
	82, 240, 66, 116, 32, 180, 92, 110, 137, 230, 219, 59, 138, 68, 209, 198, 36, 136, 35, 69, 71, 52, 202, 20, 226, 118,
	69, 105, 219, 97, 106, 132, 50, 182, 220, 251, 161, 97, 76, 97, 169, 61, 245, 188, 47, 110, 24, 197, 212, 123, 169,
	126, 164, 65, 157, 61, 26, 115, 255, 74, 234, 134, 168, 230, 236, 20, 203, 169, 57, 55, 49, 74, 36, 148, 68, 177, 67,
	204, 89, 8, 187, 42, 90, 103, 69, 121, 1, 159, 207, 13, 163, 21, 36, 19, 48, 64, 158, 90, 147, 128, 71, 179, 198, 43,
	13, 138, 219, 48, 199, 92, 214, 176, 14, 85, 38, 13, 247, 132, 183, 204, 174, 30, 239, 214, 47, 240, 185, 88, 99, 32,
	192, 102, 7, 185, 175, 64, 39, 229, 135, 176, 37, 35, 159, 242, 162, 206, 135, 91, 207, 19, 120, 155, 156, 194, 159,
	73, 252, 220, 136, 188, 209, 34, 47, 65, 198, 136, 242, 81, 19, 14, 9, 103, 74, 134, 146, 191, 90, 150, 197, 65, 93,
	235, 53, 64, 178, 157, 140, 207, 141, 144, 13, 116, 40, 76, 198, 252, 234, 70, 163, 50, 216, 97, 78, 131, 213, 94, 120,
	147, 210, 16, 183, 60, 235, 48, 16, 147, 155, 90, 151, 51, 17, 119, 105, 43, 44, 195, 199, 211, 134, 194, 29, 67, 137,
	84, 194, 105, 137, 201, 105, 31, 150, 68, 119, 218, 73, 169, 154, 157, 179, 200, 26, 44, 55, 79, 223, 8, 12, 120, 21,
	88, 193, 244, 195, 146, 211, 127, 84, 55, 125, 90, 37, 32, 202, 226, 202, 18, 51, 87, 253, 169, 234, 122, 252, 254,
	148, 45, 21, 166, 170, 0, 175, 148, 42, 155, 250, 242, 232, 180, 28, 109, 203, 69, 119, 42, 137, 67, 201, 42, 32, 110,
	86, 20, 166, 226, 46, 96, 238, 116, 191, 20, 85, 115, 69, 35, 10, 8, 138, 130, 228, 66, 90, 41, 106, 178, 51, 106, 165,
	125, 23, 202, 80, 50, 59, 28, 85, 113, 73, 206, 223, 143, 152, 252, 145, 164, 138, 11, 156, 178, 135, 71, 26, 192, 149,
	34, 105, 237, 129, 79, 174, 102, 102, 203, 107, 35, 199, 201, 189, 145, 147, 252, 219, 210, 127, 35, 99, 234, 59, 248,
	154, 196, 244, 140, 116, 146, 151, 228, 113, 114, 188, 62, 130, 143, 107, 203, 21, 68, 226, 209, 237, 211, 236, 157,
	109, 124, 130, 30, 159, 228, 118, 35, 146, 184, 96, 124, 141, 60, 117, 136, 26, 111, 147, 8, 132, 221, 139, 171, 107,
	114, 253, 187, 243, 116, 214, 82, 61, 207, 72, 125, 203, 71, 124, 76, 131, 224, 146, 62, 239, 203, 250, 144, 105, 235,
	165, 255, 119, 204, 66, 151, 113, 124, 111, 61, 209, 128, 236, 1, 248, 254, 148, 32, 193, 4, 24, 146, 188, 89, 142, 31,
	75, 91, 179, 224, 51, 231, 174, 255, 24, 124, 99, 201, 163, 230, 255, 142, 129, 139, 204, 89, 26, 71, 51, 31, 67, 215,
	41, 203, 67, 236, 54, 160, 236, 150, 247, 110, 251, 152, 125, 197, 246, 153, 133, 175, 164, 129, 227, 188, 4, 39, 62,
	37, 30, 224, 12, 152, 175, 109, 51, 206, 93, 48, 116, 188, 218, 155, 26, 25, 73, 26, 66, 241, 178, 215, 122, 43, 174,
	241, 203, 111, 69, 222, 168, 171, 241, 203, 15, 123, 110, 182, 56, 149, 204, 206, 190, 79, 2, 37, 5, 126, 102, 127,
	101, 246, 87, 102, 127, 213, 208, 253, 213, 99, 114, 157, 98, 38, 216, 50, 164, 45, 93, 202, 104, 218, 206, 239, 220,
	108, 253, 204, 214, 207, 108, 253, 204, 214, 175, 180, 193, 169, 80, 172, 165, 178, 42, 179, 41, 109, 212, 166, 116,
	238, 132, 11, 55, 103, 123, 114, 116, 69, 209, 67, 137, 125, 35, 117, 67, 96, 7, 238, 186, 200, 131, 160, 46, 37, 21,
	127, 53, 35, 245, 225, 20, 24, 232, 242, 180, 251, 136, 39, 222, 122, 141, 220, 71, 134, 28, 126, 88, 84, 149, 7, 241,
	102, 118, 214, 68, 138, 195, 119, 87, 222, 34, 146, 188, 98, 64, 4, 124, 165, 207, 124, 54, 0, 8, 26, 132, 193, 24,
	191, 31, 82, 177, 149, 37, 79, 35, 230, 11, 161, 34, 68, 45, 202, 14, 182, 176, 107, 134, 190, 77, 148, 34, 219, 23,
	11, 98, 96, 197, 158, 7, 211, 145, 9, 240, 21, 230, 198, 85, 172, 91, 254, 22, 83, 32, 105, 15, 248, 64, 250, 131, 36,
	95, 240, 43, 211, 83, 238, 14, 125, 234, 113, 156, 232, 99, 224, 0, 12, 11, 42, 80, 41, 151, 84, 58, 193, 233, 0, 34,
	177, 208, 117, 28, 230, 175, 157, 28, 213, 32, 209, 124, 124, 171, 188, 96, 230, 81, 16, 123, 14, 174, 21, 240, 140,
	14, 225, 67, 96, 51, 56, 113, 38, 31, 97, 60, 227, 152, 71, 248, 33, 17, 183, 145, 24, 28, 132, 183, 240, 41, 24, 212,
	97, 185, 23, 22, 215, 146, 245, 123, 16, 167, 51, 243, 120, 50, 241, 166, 132, 1, 71, 65, 4, 203, 202, 114, 138, 146,
	127, 88, 109, 38, 15, 91, 168, 167, 70, 251, 93, 51, 237, 206, 254, 127, 99, 233, 193, 238, 22, 124, 159, 168, 47, 146,
	185, 108, 26, 210, 114, 214, 50, 55, 81, 55, 63, 222, 229, 109, 123, 147, 154, 123, 150, 169, 185, 139, 134, 166, 230,
	46, 76, 106, 238, 153, 167, 230, 96, 242, 16, 157, 206, 152, 153, 188, 160, 201, 11, 106, 205, 11, 158, 155, 196, 160,
	73, 12, 154, 196, 160, 73, 12, 154, 196, 160, 73, 12, 154, 196, 160, 73, 12, 154, 196, 160, 73, 12, 154, 196, 160, 73,
	12, 154, 196, 160, 73, 12, 154, 196, 96, 97, 98, 240, 77, 67, 19, 131, 111, 76, 98, 208, 36, 6, 53, 78, 14, 187, 32,
	107, 66, 163, 81, 185, 91, 146, 138, 110, 72, 154, 244, 164, 73, 79, 154, 244, 164, 73, 79, 154, 244, 164, 73, 79, 54,
	32, 61, 121, 110, 242, 147, 38, 63, 249, 34, 242, 147, 231, 38, 65, 169, 43, 65, 121, 110, 50, 148, 38, 67, 105, 50,
	148, 38, 67, 217, 252, 12, 229, 203, 200, 13, 42, 74, 200, 253, 180, 42, 33, 7, 134, 71, 23, 187, 44, 173, 15, 56, 151,
	51, 135, 187, 147, 118, 237, 246, 67, 26, 78, 49, 17, 179, 130, 174, 17, 32, 136, 199, 74, 206, 209, 118, 92, 8, 179,
	192, 187, 137, 201, 24, 71, 141, 190, 76, 60, 120, 197, 77, 197, 38, 48, 37, 115, 210, 253, 152, 120, 31, 84, 67, 51,
	169, 165, 12, 242, 122, 125, 6, 39, 45, 124, 20, 37, 147, 192, 245, 81, 123, 193, 220, 41, 249, 44, 104, 149, 187, 191,
	150, 120, 201, 84, 184, 148, 25, 220, 15, 192, 197, 165, 190, 61, 219, 7, 48, 233, 140, 193, 23, 76, 241, 51, 49, 159,
	249, 131, 220, 74, 22, 244, 127, 31, 189, 206, 61, 63, 188, 74, 152, 204, 143, 199, 139, 127, 115, 185, 213, 79, 94,
	53, 134, 143, 64, 80, 206, 22, 62, 32, 218, 17, 150, 18, 51, 80, 248, 91, 175, 125, 115, 215, 233, 222, 88, 159, 218,
	189, 95, 186, 87, 214, 135, 235, 214, 71, 235, 166, 123, 251, 169, 117, 189, 74, 222, 105, 251, 195, 215, 10, 192, 112,
	21, 5, 237, 171, 78, 175, 123, 187, 137, 130, 115, 141, 20, 92, 118, 111, 238, 122, 155, 8, 120, 163, 145, 128, 47,
	157, 219, 222, 253, 102, 41, 252, 172, 147, 132, 214, 109, 235, 246, 227, 70, 61, 120, 171, 145, 132, 187, 94, 171,
	215, 185, 220, 68, 194, 197, 185, 126, 65, 88, 183, 237, 255, 190, 239, 220, 182, 175, 54, 242, 227, 92, 163, 76, 238,
	172, 171, 246, 135, 214, 253, 117, 175, 132, 117, 42, 70, 178, 244, 13, 112, 248, 137, 58, 107, 218, 94, 22, 129, 154,
	82, 204, 2, 29, 189, 255, 212, 190, 233, 225, 207, 173, 171, 86, 175, 5, 0, 118, 211, 222, 196, 160, 31, 245, 8, 105,
	153, 152, 14, 252, 208, 185, 195, 255, 251, 185, 38, 72, 93, 71, 211, 235, 183, 53, 161, 236, 58, 162, 46, 206, 55, 90,
	124, 245, 68, 189, 125, 83, 147, 59, 88, 73, 212, 253, 54, 58, 245, 83, 13, 68, 109, 86, 170, 183, 53, 80, 181, 89,
	171, 254, 90, 3, 85, 155, 213, 234, 231, 170, 168, 186, 109, 131, 155, 3, 178, 62, 92, 119, 91, 27, 29, 204, 127, 85,
	77, 213, 85, 247, 254, 253, 245, 70, 88, 127, 93, 53, 174, 95, 254, 210, 186, 221, 172, 239, 175, 95, 215, 64, 214,
	102, 133, 127, 93, 25, 184, 119, 223, 255, 189, 125, 41, 40, 219, 58, 142, 186, 208, 30, 194, 224, 230, 186, 210, 141,
	245, 88, 76, 251, 124, 94, 242, 169, 180, 61, 246, 236, 225, 102, 117, 157, 186, 133, 40, 183, 123, 173, 62, 71, 78,
	199, 143, 148, 245, 232, 142, 67, 95, 213, 227, 213, 37, 8, 96, 97, 24, 132, 187, 232, 4, 88, 76, 27, 191, 163, 245,
	117, 53, 105, 157, 105, 213, 131, 49, 211, 151, 108, 166, 170, 141, 68, 177, 146, 194, 36, 70, 61, 15, 73, 61, 159,
	249, 35, 11, 82, 43, 43, 125, 98, 97, 199, 119, 63, 148, 63, 249, 81, 151, 57, 136, 243, 195, 50, 167, 159, 185, 224,
	83, 133, 49, 68, 225, 158, 148, 164, 24, 166, 78, 22, 131, 130, 83, 142, 37, 98, 178, 231, 121, 246, 61, 222, 124, 159,
	156, 143, 144, 96, 64, 30, 214, 28, 187, 232, 60, 28, 31, 81, 110, 205, 189, 15, 181, 99, 121, 249, 190, 60, 232, 192,
	210, 23, 105, 16, 71, 218, 3, 234, 113, 118, 74, 30, 242, 127, 0, 28, 31, 4, 15, 162, 218, 97, 254, 247, 227, 36, 151,
	11, 127, 11, 25, 113, 135, 126, 16, 110, 40, 111, 88, 247, 183, 255, 55, 10, 156, 128, 92, 166, 165, 117, 78, 24, 76,
	38, 162, 56, 100, 153, 80, 81, 120, 33, 75, 239, 240, 4, 46, 16, 21, 18, 209, 83, 64, 146, 186, 89, 172, 122, 26, 211,
	200, 30, 205, 9, 120, 6, 118, 201, 98, 150, 10, 103, 229, 81, 191, 252, 156, 44, 198, 17, 149, 126, 28, 62, 100, 79,
	241, 196, 123, 16, 3, 25, 140, 60, 2, 246, 97, 105, 71, 48, 144, 69, 35, 18, 36, 181, 22, 188, 45, 136, 99, 7, 133, 73,
	203, 128, 113, 225, 106, 252, 88, 145, 14, 148, 195, 146, 165, 83, 1, 5, 228, 237, 182, 79, 83, 6, 43, 233, 82, 248,
	59, 242, 144, 197, 107, 121, 211, 153, 253, 114, 222, 110, 196, 113, 57, 170, 18, 119, 255, 96, 179, 143, 73, 242, 215,
	87, 80, 221, 164, 53, 124, 35, 88, 5, 193, 185, 194, 177, 168, 93, 16, 186, 139, 166, 145, 142, 70, 108, 234, 227, 193,
	117, 48, 118, 35, 172, 228, 3, 93, 14, 153, 199, 40, 103, 164, 31, 187, 158, 195, 207, 136, 16, 139, 44, 11, 76, 14,
	195, 169, 247, 68, 167, 92, 148, 123, 133, 140, 227, 40, 238, 0, 107, 93, 233, 100, 226, 129, 137, 169, 178, 244, 144,
	193, 164, 194, 210, 23, 249, 134, 229, 101, 217, 239, 26, 101, 144, 243, 148, 214, 105, 141, 203, 106, 165, 198, 20,
	149, 16, 231, 200, 90, 107, 171, 38, 155, 76, 74, 189, 51, 43, 64, 219, 92, 36, 137, 63, 164, 213, 153, 243, 118, 88,
	76, 186, 206, 160, 96, 137, 178, 82, 155, 88, 173, 169, 150, 57, 15, 249, 18, 183, 13, 47, 47, 84, 45, 25, 166, 230,
	113, 206, 4, 29, 171, 20, 68, 37, 254, 191, 20, 39, 164, 4, 204, 96, 3, 139, 87, 121, 46, 99, 30, 5, 227, 202, 83, 114,
	118, 50, 253, 97, 61, 56, 106, 78, 84, 94, 194, 137, 202, 156, 101, 116, 228, 101, 82, 125, 79, 95, 175, 189, 55, 255,
	159, 70, 218, 156, 122, 46, 227, 93, 188, 195, 196, 31, 245, 188, 248, 101, 249, 165, 110, 133, 234, 86, 236, 120, 95,
	138, 158, 181, 255, 189, 220, 65, 228, 121, 216, 178, 85, 109, 30, 127, 126, 238, 126, 115, 36, 124, 205, 56, 239, 141,
	168, 111, 132, 252, 140, 133, 156, 245, 46, 120, 25, 33, 107, 104, 97, 251, 163, 130, 48, 100, 147, 110, 42, 154, 61,
	136, 163, 157, 19, 15, 26, 143, 109, 231, 84, 225, 35, 139, 210, 45, 211, 101, 65, 12, 173, 199, 238, 151, 162, 239,
	255, 24, 69, 171, 34, 22, 175, 50, 221, 86, 159, 20, 162, 224, 27, 243, 43, 155, 45, 232, 255, 139, 217, 145, 181, 141,
	200, 187, 226, 163, 105, 109, 138, 162, 214, 127, 101, 142, 226, 151, 115, 23, 106, 90, 157, 9, 213, 223, 143, 154,
	116, 191, 168, 170, 197, 201, 94, 196, 136, 109, 149, 154, 195, 250, 209, 126, 148, 136, 77, 141, 2, 74, 216, 191, 203,
	244, 21, 41, 216, 3, 40, 160, 197, 131, 80, 211, 138, 32, 214, 220, 143, 158, 44, 98, 173, 181, 37, 84, 113, 124, 165,
	250, 66, 114, 215, 247, 166, 73, 63, 6, 217, 67, 64, 156, 11, 11, 192, 147, 71, 193, 72, 189, 29, 193, 135, 176, 229,
	10, 118, 24, 57, 37, 163, 224, 9, 219, 139, 157, 146, 135, 12, 170, 30, 114, 151, 149, 147, 62, 28, 226, 92, 86, 54,
	36, 160, 48, 10, 141, 92, 155, 200, 19, 139, 162, 67, 218, 162, 195, 217, 163, 148, 142, 100, 108, 113, 103, 90, 220,
	152, 246, 9, 117, 156, 16, 196, 36, 111, 64, 199, 190, 251, 239, 152, 1, 141, 174, 3, 46, 222, 29, 184, 226, 106, 244,
	220, 53, 104, 114, 44, 251, 152, 208, 241, 4, 187, 37, 193, 95, 11, 39, 92, 125, 95, 254, 33, 215, 95, 68, 52, 211,
	240, 163, 112, 74, 248, 116, 220, 15, 242, 205, 103, 182, 93, 89, 102, 192, 15, 192, 198, 153, 13, 193, 79, 66, 0, 243,
	154, 44, 37, 17, 8, 49, 82, 79, 116, 131, 66, 182, 78, 194, 224, 17, 86, 12, 76, 15, 178, 166, 26, 153, 16, 11, 103,
	93, 114, 161, 120, 158, 61, 100, 162, 86, 5, 167, 16, 119, 200, 169, 100, 158, 228, 101, 52, 149, 7, 216, 140, 164,
	223, 21, 71, 222, 72, 62, 30, 143, 35, 177, 118, 48, 158, 208, 208, 229, 192, 228, 73, 28, 98, 95, 76, 190, 53, 31,
	122, 48, 48, 142, 53, 107, 123, 210, 159, 146, 28, 115, 240, 28, 212, 166, 246, 8, 213, 46, 255, 107, 209, 243, 5, 121,
	208, 151, 132, 193, 23, 199, 65, 136, 189, 129, 64, 55, 2, 236, 255, 48, 129, 37, 165, 36, 111, 47, 150, 57, 151, 35,
	27, 106, 48, 108, 47, 1, 58, 128, 10, 45, 154, 188, 224, 223, 139, 248, 130, 229, 12, 54, 204, 63, 100, 64, 213, 0,
	169, 113, 146, 30, 84, 59, 105, 70, 230, 100, 150, 167, 47, 146, 31, 246, 219, 17, 189, 104, 144, 19, 30, 163, 200,
	195, 120, 34, 155, 133, 204, 145, 135, 149, 84, 48, 180, 179, 216, 16, 160, 194, 215, 177, 150, 98, 199, 115, 53, 93,
	112, 11, 198, 53, 65, 169, 9, 74, 77, 80, 106, 130, 82, 19, 148, 214, 18, 148, 150, 234, 173, 55, 127, 246, 186, 31,
	109, 75, 89, 40, 19, 56, 155, 192, 217, 4, 206, 38, 112, 86, 23, 56, 151, 11, 86, 239, 4, 172, 164, 209, 17, 246, 13,
	220, 220, 140, 109, 231, 46, 99, 179, 230, 98, 182, 64, 67, 50, 63, 43, 73, 26, 126, 186, 104, 211, 8, 145, 52, 82,
	214, 41, 108, 126, 166, 59, 22, 61, 135, 115, 191, 82, 247, 6, 139, 37, 173, 164, 74, 105, 199, 202, 211, 220, 19, 12,
	10, 203, 79, 39, 59, 23, 96, 46, 148, 108, 105, 58, 162, 152, 231, 251, 71, 163, 129, 207, 86, 3, 119, 189, 189, 90,
	189, 234, 205, 189, 177, 161, 77, 13, 151, 106, 35, 215, 20, 211, 62, 99, 173, 12, 119, 171, 116, 254, 115, 37, 74,
	176, 248, 156, 73, 197, 109, 80, 155, 133, 26, 222, 50, 3, 246, 82, 230, 109, 246, 113, 218, 210, 153, 235, 229, 172,
	38, 181, 185, 105, 14, 163, 76, 138, 149, 169, 4, 29, 251, 94, 175, 208, 226, 120, 146, 38, 229, 17, 27, 6, 225, 212,
	4, 64, 234, 181, 79, 118, 65, 183, 139, 57, 188, 142, 166, 221, 224, 76, 113, 28, 130, 253, 59, 42, 209, 134, 36, 212,
	18, 243, 153, 168, 184, 226, 168, 184, 97, 53, 99, 243, 12, 95, 122, 10, 204, 128, 147, 114, 61, 156, 20, 243, 182, 89,
	176, 180, 252, 150, 158, 209, 132, 131, 64, 36, 125, 170, 48, 123, 185, 208, 168, 130, 73, 217, 212, 147, 178, 233, 62,
	249, 44, 172, 68, 255, 100, 161, 196, 210, 210, 14, 71, 9, 245, 1, 193, 93, 4, 17, 66, 203, 113, 42, 222, 224, 62, 219,
	188, 122, 9, 34, 154, 112, 87, 112, 229, 62, 70, 232, 199, 139, 206, 126, 80, 103, 231, 18, 164, 13, 166, 246, 124,
	181, 70, 54, 114, 168, 56, 7, 63, 107, 72, 99, 50, 240, 181, 103, 224, 203, 107, 128, 73, 153, 174, 84, 228, 134, 101,
	223, 103, 50, 214, 149, 123, 207, 207, 96, 212, 72, 169, 26, 61, 139, 188, 251, 47, 52, 233, 25, 100, 182, 175, 47, 53,
	147, 145, 69, 27, 207, 237, 14, 180, 201, 102, 28, 94, 170, 189, 242, 38, 98, 19, 139, 51, 111, 208, 12, 5, 25, 23, 33,
	113, 29, 187, 121, 211, 221, 204, 116, 55, 219, 218, 100, 111, 2, 44, 195, 183, 105, 145, 105, 190, 168, 24, 243, 105,
	68, 55, 42, 232, 182, 177, 93, 249, 93, 201, 249, 94, 187, 146, 188, 48, 117, 236, 73, 230, 199, 55, 218, 82, 86, 91,
	74, 76, 24, 226, 49, 21, 103, 187, 250, 253, 74, 48, 164, 150, 102, 76, 77, 75, 68, 153, 6, 77, 171, 216, 124, 203, 6,
	98, 83, 210, 241, 237, 80, 220, 254, 96, 206, 243, 209, 20, 125, 236, 186, 98, 165, 217, 245, 226, 182, 247, 90, 246,
	213, 242, 23, 230, 100, 182, 30, 1, 116, 248, 103, 12, 122, 70, 129, 231, 84, 116, 60, 110, 12, 0, 231, 186, 166, 254,
	48, 166, 67, 182, 249, 150, 160, 34, 51, 75, 39, 172, 68, 198, 203, 107, 52, 6, 151, 59, 112, 48, 126, 121, 205, 249,
	181, 206, 107, 179, 243, 83, 233, 184, 25, 91, 105, 235, 68, 206, 162, 253, 138, 5, 240, 30, 175, 162, 46, 15, 123,
	209, 241, 81, 29, 29, 105, 141, 172, 56, 205, 218, 155, 170, 185, 43, 94, 170, 186, 186, 40, 36, 113, 233, 26, 154,
	138, 93, 112, 74, 158, 77, 125, 185, 33, 142, 212, 148, 164, 204, 42, 130, 85, 82, 137, 66, 87, 73, 229, 172, 88, 85,
	145, 70, 6, 88, 121, 184, 183, 38, 202, 250, 69, 213, 70, 130, 125, 72, 152, 50, 43, 145, 229, 91, 138, 104, 76, 158,
	65, 82, 98, 198, 185, 58, 17, 85, 70, 172, 140, 188, 133, 58, 22, 213, 18, 198, 249, 149, 9, 120, 249, 222, 79, 57, 10,
	241, 157, 205, 244, 153, 171, 125, 72, 155, 157, 204, 215, 212, 140, 172, 224, 96, 78, 1, 37, 126, 46, 1, 188, 31, 69,
	115, 231, 14, 117, 182, 152, 90, 145, 202, 84, 242, 92, 215, 64, 54, 150, 114, 103, 137, 175, 253, 168, 43, 202, 164,
	169, 36, 212, 97, 138, 9, 205, 231, 176, 20, 225, 135, 140, 169, 247, 6, 142, 36, 185, 163, 166, 65, 223, 100, 150,
	169, 216, 143, 176, 249, 164, 135, 2, 226, 68, 32, 14, 198, 223, 167, 246, 183, 230, 68, 228, 74, 8, 82, 24, 154, 123,
	73, 62, 96, 111, 130, 178, 92, 70, 77, 125, 22, 11, 118, 244, 77, 61, 171, 196, 253, 232, 133, 134, 51, 202, 106, 219,
	177, 154, 141, 174, 217, 232, 170, 223, 232, 34, 23, 231, 239, 251, 239, 205, 198, 117, 253, 25, 182, 206, 88, 101, 31,
	236, 102, 29, 14, 65, 127, 49, 127, 117, 115, 127, 125, 157, 61, 184, 157, 60, 226, 75, 250, 108, 68, 31, 221, 32, 212,
	248, 50, 171, 73, 9, 152, 148, 128, 73, 9, 152, 148, 128, 198, 148, 192, 99, 210, 63, 98, 70, 230, 94, 20, 46, 181,
	163, 48, 89, 139, 195, 204, 90, 156, 155, 180, 133, 73, 91, 152, 180, 133, 73, 91, 152, 180, 197, 65, 165, 45, 46, 26,
	155, 182, 184, 48, 105, 11, 147, 182, 168, 41, 109, 113, 110, 242, 22, 38, 111, 97, 242, 22, 38, 111, 241, 2, 242, 22,
	231, 38, 113, 97, 18, 23, 91, 25, 198, 126, 47, 68, 109, 117, 83, 223, 100, 90, 76, 166, 197, 100, 90, 76, 166, 197,
	100, 90, 76, 166, 165, 145, 153, 150, 114, 217, 141, 95, 131, 240, 27, 11, 123, 163, 144, 81, 231, 115, 16, 120, 31,
	195, 32, 158, 244, 40, 255, 86, 233, 21, 19, 237, 207, 213, 86, 212, 246, 105, 145, 155, 7, 195, 72, 21, 139, 239, 248,
	110, 228, 66, 240, 249, 135, 8, 6, 174, 97, 223, 184, 178, 201, 12, 243, 227, 241, 226, 223, 196, 5, 177, 82, 139, 6,
	26, 126, 235, 181, 111, 238, 58, 221, 27, 171, 115, 211, 233, 117, 90, 215, 157, 255, 221, 234, 225, 143, 151, 221,
	219, 246, 42, 158, 164, 55, 210, 126, 84, 96, 227, 107, 72, 184, 107, 223, 126, 105, 223, 222, 109, 162, 226, 181, 102,
	42, 46, 219, 55, 27, 57, 113, 174, 151, 134, 246, 85, 167, 215, 189, 221, 68, 196, 133, 98, 34, 62, 181, 126, 91, 36,
	228, 186, 253, 165, 125, 189, 137, 142, 55, 154, 173, 68, 4, 243, 232, 61, 43, 190, 204, 87, 249, 131, 228, 19, 203,
	43, 192, 130, 117, 222, 175, 8, 73, 244, 72, 227, 138, 185, 70, 30, 13, 146, 199, 252, 76, 149, 157, 179, 140, 65, 11,
	198, 241, 216, 114, 231, 166, 87, 194, 167, 125, 83, 225, 159, 36, 105, 100, 158, 52, 34, 72, 203, 158, 144, 62, 91,
	49, 141, 24, 161, 51, 32, 151, 248, 120, 110, 16, 146, 59, 22, 98, 123, 154, 83, 249, 224, 114, 246, 148, 179, 124,
	242, 150, 57, 110, 4, 159, 129, 255, 12, 129, 45, 48, 54, 4, 159, 161, 200, 190, 71, 244, 27, 124, 124, 48, 96, 118,
	164, 47, 213, 190, 155, 29, 236, 203, 214, 251, 73, 250, 238, 52, 206, 139, 255, 206, 227, 201, 196, 155, 202, 119,
	126, 51, 102, 23, 102, 16, 84, 173, 120, 6, 61, 101, 116, 108, 21, 94, 237, 206, 139, 222, 8, 159, 50, 78, 208, 77,
	190, 4, 157, 123, 5, 58, 246, 34, 119, 226, 49, 18, 185, 99, 198, 197, 25, 12, 163, 246, 168, 80, 31, 53, 30, 196, 56,
	172, 20, 183, 10, 241, 93, 23, 116, 69, 44, 28, 192, 166, 255, 67, 194, 201, 53, 23, 209, 183, 114, 37, 251, 210, 33,
	83, 213, 118, 75, 62, 236, 94, 85, 171, 209, 101, 30, 232, 236, 220, 144, 82, 191, 85, 219, 79, 217, 76, 209, 30, 209,
	176, 154, 45, 208, 135, 21, 172, 61, 204, 174, 40, 201, 65, 138, 141, 47, 12, 20, 40, 212, 86, 106, 177, 160, 146, 138,
	154, 78, 247, 67, 186, 211, 75, 123, 226, 172, 250, 90, 126, 77, 93, 95, 177, 117, 145, 203, 246, 65, 67, 137, 86, 234,
	27, 186, 87, 180, 17, 173, 115, 243, 17, 62, 10, 98, 207, 193, 83, 116, 215, 103, 132, 146, 203, 25, 246, 71, 35, 26,
	145, 49, 141, 236, 17, 64, 61, 58, 71, 238, 14, 125, 10, 218, 8, 209, 195, 128, 108, 84, 244, 211, 162, 146, 29, 234,
	59, 16, 106, 76, 2, 8, 37, 220, 136, 240, 64, 78, 2, 255, 106, 83, 31, 253, 140, 23, 80, 7, 252, 204, 163, 75, 137,
	227, 5, 19, 230, 31, 159, 96, 12, 130, 145, 13, 88, 0, 232, 107, 118, 238, 63, 116, 31, 193, 55, 79, 60, 26, 193, 111,
	198, 69, 49, 79, 81, 254, 227, 232, 3, 142, 246, 157, 226, 155, 246, 239, 182, 253, 14, 33, 11, 166, 69, 198, 83, 43,
	11, 152, 132, 176, 143, 55, 43, 56, 89, 182, 154, 83, 178, 90, 17, 73, 166, 204, 167, 171, 121, 77, 254, 188, 168, 107,
	39, 127, 219, 118, 85, 115, 142, 254, 7, 78, 80, 123, 193, 193, 115, 44, 165, 32, 124, 194, 108, 119, 224, 130, 40,
	168, 148, 253, 15, 192, 251, 112, 106, 241, 233, 184, 31, 120, 63, 128, 195, 23, 191, 61, 27, 58, 179, 192, 113, 224,
	122, 236, 108, 167, 217, 199, 16, 74, 114, 148, 190, 136, 64, 113, 2, 50, 193, 246, 42, 168, 95, 248, 171, 188, 162,
	162, 230, 44, 68, 35, 129, 191, 16, 120, 236, 48, 251, 252, 224, 168, 125, 17, 198, 122, 227, 192, 113, 7, 83, 49, 249,
	34, 103, 137, 220, 104, 128, 250, 159, 18, 206, 162, 8, 162, 65, 241, 185, 241, 154, 152, 124, 165, 13, 128, 22, 60,
	186, 14, 14, 49, 145, 253, 100, 56, 70, 157, 169, 52, 184, 52, 139, 133, 229, 194, 111, 30, 105, 232, 6, 49, 7, 82,
	232, 16, 56, 7, 108, 154, 159, 245, 47, 124, 20, 71, 78, 240, 180, 27, 39, 48, 184, 47, 96, 57, 232, 132, 155, 170, 50,
	82, 247, 49, 112, 2, 48, 84, 32, 207, 229, 145, 152, 60, 131, 138, 217, 34, 144, 238, 57, 91, 46, 154, 180, 63, 21,
	107, 18, 203, 95, 50, 138, 227, 175, 71, 103, 103, 103, 95, 143, 78, 8, 214, 245, 9, 162, 132, 106, 38, 4, 166, 115,
	86, 103, 241, 121, 123, 22, 60, 248, 2, 43, 197, 85, 35, 229, 67, 252, 133, 245, 152, 252, 230, 127, 145, 227, 45, 190,
	120, 82, 184, 232, 165, 209, 128, 5, 91, 27, 243, 241, 77, 16, 49, 201, 125, 238, 187, 147, 9, 67, 228, 70, 46, 195,
	134, 134, 124, 61, 178, 169, 48, 235, 232, 137, 137, 253, 140, 29, 140, 39, 160, 47, 125, 143, 229, 208, 30, 156, 17,
	255, 122, 132, 70, 197, 3, 96, 55, 126, 6, 12, 26, 247, 135, 211, 32, 70, 153, 22, 205, 203, 225, 35, 62, 170, 7, 154,
	51, 136, 21, 150, 131, 82, 165, 190, 84, 157, 49, 108, 35, 1, 193, 200, 131, 216, 167, 61, 16, 164, 227, 236, 100, 219,
	69, 253, 46, 231, 149, 150, 137, 10, 131, 80, 225, 185, 223, 208, 79, 249, 0, 250, 212, 203, 200, 47, 39, 217, 121,
	105, 230, 121, 255, 183, 226, 239, 46, 201, 232, 248, 255, 158, 251, 241, 100, 197, 247, 38, 33, 176, 99, 0, 66, 150,
	54, 244, 248, 127, 57, 103, 226, 63, 95, 191, 130, 148, 79, 231, 167, 62, 27, 211, 127, 5, 225, 210, 47, 93, 127, 249,
	151, 19, 116, 206, 219, 43, 73, 11, 56, 40, 173, 8, 148, 98, 102, 218, 51, 212, 161, 33, 214, 211, 97, 8, 209, 7, 188,
	233, 51, 47, 120, 58, 5, 203, 135, 85, 143, 96, 91, 60, 111, 142, 168, 107, 128, 16, 160, 95, 14, 130, 3, 26, 59, 136,
	103, 37, 224, 229, 77, 55, 133, 11, 161, 115, 16, 121, 36, 122, 59, 10, 158, 208, 25, 240, 89, 156, 161, 166, 165, 86,
	94, 202, 213, 37, 145, 80, 136, 123, 188, 59, 114, 90, 34, 107, 85, 237, 132, 66, 249, 170, 156, 144, 23, 245, 43, 174,
	97, 95, 151, 215, 167, 115, 163, 80, 135, 171, 80, 35, 246, 125, 235, 233, 246, 77, 171, 125, 136, 1, 124, 211, 48, 1,
	92, 102, 224, 200, 216, 26, 104, 128, 40, 201, 118, 209, 153, 9, 128, 13, 96, 27, 214, 159, 130, 51, 63, 62, 199, 63,
	18, 199, 29, 2, 38, 158, 144, 9, 224, 165, 31, 163, 250, 144, 99, 118, 54, 60, 19, 27, 161, 175, 71, 23, 103, 175, 207,
	94, 159, 131, 223, 6, 215, 248, 36, 182, 114, 16, 121, 253, 248, 253, 199, 139, 31, 95, 255, 120, 121, 162, 47, 5, 135,
	245, 177, 49, 223, 197, 24, 247, 229, 160, 92, 245, 87, 156, 25, 2, 23, 116, 155, 95, 143, 32, 164, 161, 242, 223, 66,
	251, 117, 250, 47, 192, 13, 141, 11, 239, 199, 174, 231, 212, 177, 110, 27, 182, 102, 193, 216, 18, 243, 107, 93, 225,
	136, 242, 81, 149, 11, 20, 166, 241, 17, 115, 0, 193, 120, 12, 255, 135, 243, 107, 76, 30, 139, 212, 117, 4, 251, 129,
	109, 108, 255, 237, 27, 5, 182, 159, 91, 27, 214, 226, 146, 251, 155, 206, 111, 36, 35, 3, 247, 210, 156, 1, 67, 29, 8,
	181, 193, 166, 127, 36, 238, 128, 196, 62, 125, 164, 174, 135, 154, 126, 166, 211, 136, 119, 245, 168, 170, 148, 57,
	137, 131, 17, 189, 222, 156, 73, 139, 62, 11, 6, 3, 215, 134, 189, 236, 217, 56, 240, 131, 93, 52, 92, 133, 83, 255,
	68, 93, 255, 58, 8, 38, 119, 120, 204, 21, 79, 148, 28, 255, 238, 156, 157, 187, 148, 27, 125, 113, 234, 36, 206, 219,
	178, 28, 3, 80, 7, 33, 118, 48, 81, 19, 17, 103, 139, 77, 178, 5, 13, 88, 45, 80, 34, 86, 139, 228, 232, 92, 242, 135,
	16, 254, 86, 235, 122, 197, 161, 25, 68, 2, 83, 50, 64, 90, 192, 113, 179, 80, 166, 140, 146, 12, 135, 166, 149, 167,
	139, 230, 213, 93, 88, 148, 182, 180, 107, 185, 227, 118, 166, 184, 59, 246, 252, 186, 144, 78, 27, 224, 22, 84, 2,
	145, 203, 165, 189, 225, 175, 97, 179, 42, 18, 163, 158, 55, 157, 101, 215, 240, 84, 93, 31, 12, 39, 102, 88, 154, 81,
	235, 205, 120, 111, 78, 245, 217, 0, 75, 6, 102, 172, 74, 230, 75, 142, 199, 19, 246, 225, 119, 170, 228, 154, 176,
	158, 178, 44, 91, 7, 3, 123, 243, 43, 59, 22, 199, 12, 31, 102, 254, 5, 169, 103, 68, 228, 188, 69, 82, 55, 140, 253,
	68, 255, 48, 171, 245, 96, 37, 31, 60, 62, 121, 32, 242, 18, 11, 199, 60, 220, 13, 108, 18, 78, 133, 66, 38, 18, 120,
	144, 149, 192, 178, 112, 227, 221, 59, 49, 44, 124, 103, 109, 193, 135, 152, 212, 149, 169, 92, 223, 145, 201, 154, 62,
	147, 25, 247, 217, 169, 10, 64, 207, 195, 124, 155, 253, 217, 240, 98, 61, 249, 108, 121, 90, 88, 77, 250, 128, 28, 0,
	218, 73, 218, 215, 9, 252, 31, 34, 76, 8, 201, 195, 34, 49, 26, 105, 125, 238, 156, 237, 237, 200, 255, 148, 59, 235,
	58, 202, 18, 87, 115, 50, 89, 129, 131, 75, 9, 59, 165, 245, 90, 225, 218, 177, 215, 233, 97, 62, 135, 176, 127, 84,
	213, 154, 101, 212, 100, 25, 75, 118, 84, 129, 191, 120, 10, 221, 72, 202, 36, 221, 127, 186, 62, 158, 153, 73, 167, 3,
	223, 11, 202, 74, 104, 87, 15, 248, 145, 69, 242, 52, 41, 9, 255, 18, 114, 132, 246, 44, 158, 247, 60, 193, 230, 56,
	57, 13, 44, 32, 113, 113, 234, 92, 171, 128, 215, 71, 229, 219, 12, 252, 180, 77, 155, 129, 37, 157, 218, 227, 213,
	182, 130, 177, 154, 167, 160, 231, 70, 67, 149, 106, 232, 79, 187, 188, 194, 2, 241, 151, 5, 78, 34, 176, 203, 23, 134,
	172, 42, 146, 219, 74, 124, 203, 162, 19, 212, 160, 57, 129, 175, 26, 7, 120, 62, 13, 254, 65, 220, 201, 23, 27, 87,
	30, 219, 232, 203, 32, 20, 40, 16, 218, 63, 117, 22, 165, 96, 218, 108, 99, 74, 138, 67, 88, 162, 96, 79, 143, 231,
	166, 116, 140, 183, 225, 208, 119, 74, 70, 32, 131, 82, 230, 224, 174, 94, 208, 83, 149, 230, 182, 146, 137, 121, 66,
	76, 53, 128, 249, 182, 72, 173, 198, 32, 126, 188, 46, 5, 159, 184, 10, 128, 32, 31, 44, 9, 249, 242, 132, 165, 31, 30,
	236, 241, 35, 8, 18, 177, 90, 149, 113, 177, 231, 155, 200, 83, 195, 179, 109, 192, 55, 51, 135, 61, 64, 23, 199, 8,
	153, 49, 170, 173, 140, 106, 18, 133, 213, 20, 225, 46, 177, 4, 148, 240, 17, 171, 29, 64, 89, 22, 185, 163, 179, 201,
	71, 229, 48, 146, 100, 245, 1, 70, 196, 204, 184, 252, 144, 225, 248, 50, 27, 32, 161, 165, 15, 12, 248, 70, 170, 115,
	132, 183, 140, 190, 28, 64, 73, 192, 96, 79, 72, 25, 20, 188, 197, 245, 178, 141, 111, 63, 21, 196, 139, 174, 47, 64,
	249, 80, 109, 246, 212, 188, 68, 123, 141, 47, 123, 222, 1, 98, 9, 95, 6, 202, 8, 218, 225, 14, 253, 93, 159, 160, 222,
	119, 249, 157, 1, 129, 29, 30, 147, 151, 139, 164, 38, 102, 250, 32, 115, 96, 35, 250, 40, 96, 38, 177, 23, 228, 18,
	108, 178, 60, 134, 165, 106, 63, 31, 74, 236, 252, 246, 168, 92, 220, 105, 140, 213, 4, 158, 207, 53, 240, 52, 48, 213,
	192, 152, 124, 103, 160, 146, 97, 137, 49, 233, 231, 160, 216, 242, 174, 76, 170, 213, 148, 231, 120, 32, 106, 206,
	102, 234, 221, 236, 216, 126, 39, 37, 22, 53, 215, 22, 11, 195, 165, 42, 198, 125, 213, 56, 191, 186, 10, 107, 103, 16,
	178, 177, 110, 16, 4, 235, 14, 135, 44, 76, 139, 67, 196, 18, 181, 106, 241, 138, 122, 8, 237, 171, 205, 10, 198, 69,
	197, 249, 211, 136, 133, 108, 182, 98, 18, 216, 118, 28, 134, 90, 207, 152, 97, 233, 174, 199, 42, 95, 54, 204, 89,
	207, 106, 61, 215, 223, 184, 90, 85, 21, 177, 184, 82, 156, 175, 158, 149, 202, 254, 6, 150, 232, 125, 56, 173, 26,
	156, 127, 29, 201, 27, 21, 176, 88, 204, 38, 128, 143, 146, 116, 72, 38, 8, 202, 170, 2, 226, 235, 96, 200, 241, 186,
	142, 100, 125, 122, 203, 235, 7, 78, 176, 206, 52, 122, 5, 155, 84, 135, 245, 99, 132, 27, 81, 136, 144, 184, 211, 238,
	29, 193, 219, 61, 46, 118, 101, 222, 33, 51, 83, 14, 189, 69, 182, 196, 74, 211, 48, 6, 202, 247, 210, 251, 98, 54,
	106, 95, 108, 50, 173, 104, 173, 49, 10, 158, 32, 0, 9, 96, 201, 217, 141, 34, 227, 194, 140, 11, 51, 46, 204, 184, 48,
	5, 46, 76, 96, 10, 205, 3, 78, 163, 60, 218, 19, 13, 253, 229, 154, 251, 103, 230, 198, 146, 69, 190, 40, 64, 79, 214,
	252, 98, 32, 189, 210, 245, 214, 12, 234, 149, 174, 213, 192, 122, 30, 214, 51, 222, 55, 20, 200, 95, 208, 230, 164,
	10, 84, 111, 230, 246, 196, 248, 51, 227, 207, 140, 63, 51, 254, 76, 165, 63, 107, 248, 62, 37, 121, 144, 195, 28, 159,
	152, 220, 147, 201, 61, 153, 220, 147, 1, 245, 181, 160, 158, 92, 118, 108, 230, 33, 74, 30, 202, 205, 89, 138, 57, 75,
	49, 254, 204, 248, 51, 227, 207, 140, 63, 219, 214, 159, 53, 118, 167, 130, 151, 167, 125, 26, 185, 143, 204, 146, 215,
	137, 45, 190, 252, 32, 192, 14, 149, 213, 107, 26, 62, 109, 87, 92, 221, 19, 77, 178, 255, 88, 91, 219, 175, 181, 102,
	122, 155, 198, 247, 249, 150, 211, 136, 84, 242, 105, 204, 27, 248, 230, 231, 213, 229, 153, 229, 42, 47, 41, 153, 13,
	78, 92, 7, 214, 5, 90, 157, 250, 103, 41, 50, 129, 229, 149, 223, 238, 22, 66, 194, 74, 94, 34, 245, 39, 37, 230, 152,
	125, 63, 35, 221, 254, 191, 152, 29, 117, 174, 78, 86, 137, 81, 149, 254, 98, 55, 103, 10, 1, 154, 207, 158, 44, 59,
	152, 76, 21, 95, 253, 7, 118, 68, 59, 40, 195, 189, 159, 235, 219, 242, 69, 146, 166, 92, 35, 228, 139, 237, 120, 81,
	74, 222, 237, 79, 230, 209, 138, 237, 60, 180, 119, 181, 9, 157, 203, 231, 65, 28, 218, 108, 247, 149, 239, 167, 250,
	151, 193, 196, 197, 142, 225, 126, 54, 179, 104, 90, 0, 22, 64, 193, 217, 128, 247, 169, 64, 199, 125, 215, 51, 42,
	174, 93, 208, 33, 19, 23, 4, 0, 218, 216, 83, 38, 107, 136, 73, 35, 234, 138, 196, 35, 72, 65, 179, 172, 113, 245, 97,
	48, 85, 188, 189, 228, 204, 27, 236, 32, 107, 157, 226, 77, 185, 10, 63, 38, 107, 173, 74, 186, 87, 114, 58, 20, 111,
	177, 94, 169, 150, 37, 182, 180, 122, 246, 130, 212, 156, 37, 16, 111, 220, 31, 72, 84, 38, 169, 213, 202, 16, 80, 159,
	45, 27, 7, 175, 118, 203, 127, 86, 205, 146, 75, 66, 195, 144, 78, 49, 40, 172, 66, 41, 82, 19, 178, 196, 19, 237, 187,
	189, 158, 164, 248, 238, 95, 102, 205, 26, 23, 28, 90, 114, 23, 214, 40, 95, 157, 65, 40, 121, 26, 185, 246, 40, 123,
	110, 133, 114, 124, 128, 128, 57, 185, 59, 129, 68, 236, 30, 181, 50, 168, 232, 164, 109, 45, 74, 0, 48, 183, 241, 59,
	74, 77, 97, 174, 51, 87, 142, 45, 248, 118, 125, 146, 14, 200, 181, 230, 170, 44, 166, 129, 181, 114, 145, 130, 64,
	112, 194, 214, 136, 165, 220, 223, 226, 223, 24, 43, 158, 46, 25, 250, 221, 59, 116, 126, 147, 227, 147, 242, 109, 88,
	243, 94, 212, 194, 150, 233, 174, 173, 216, 153, 10, 205, 216, 217, 153, 246, 214, 124, 107, 39, 24, 121, 76, 35, 33,
	24, 208, 120, 81, 227, 69, 141, 23, 53, 94, 212, 120, 209, 85, 94, 20, 216, 18, 79, 156, 217, 189, 235, 218, 29, 170,
	116, 73, 181, 248, 213, 196, 29, 170, 240, 174, 12, 245, 10, 184, 170, 216, 181, 6, 147, 221, 29, 107, 119, 130, 205,
	220, 131, 80, 9, 186, 4, 201, 96, 136, 173, 233, 26, 245, 226, 105, 141, 121, 82, 121, 210, 25, 130, 191, 170, 194,
	115, 244, 107, 94, 169, 124, 240, 163, 130, 165, 26, 159, 177, 145, 65, 48, 131, 235, 236, 120, 230, 171, 60, 114, 234,
	195, 160, 140, 250, 11, 12, 225, 76, 36, 25, 7, 212, 195, 23, 251, 228, 243, 16, 18, 21, 68, 99, 100, 236, 234, 46,
	168, 175, 202, 111, 180, 19, 20, 194, 235, 118, 25, 58, 97, 127, 228, 167, 32, 21, 41, 215, 234, 57, 82, 24, 84, 225,
	54, 128, 185, 38, 179, 185, 15, 136, 126, 99, 211, 166, 28, 172, 205, 16, 37, 196, 118, 143, 28, 183, 99, 201, 94, 12,
	168, 212, 202, 5, 89, 88, 208, 124, 62, 24, 32, 109, 16, 144, 222, 97, 37, 2, 69, 221, 156, 139, 186, 229, 18, 138, 36,
	165, 22, 70, 129, 29, 138, 16, 84, 148, 156, 56, 6, 71, 43, 198, 209, 170, 18, 91, 6, 77, 13, 154, 30, 12, 154, 10, 40,
	170, 19, 83, 37, 24, 170, 66, 86, 88, 136, 65, 86, 19, 161, 26, 76, 53, 152, 90, 107, 132, 10, 152, 58, 9, 145, 148,
	168, 62, 96, 21, 100, 168, 2, 86, 215, 119, 216, 119, 3, 173, 251, 129, 138, 96, 98, 13, 71, 110, 98, 94, 3, 151, 6,
	46, 85, 195, 101, 9, 254, 4, 65, 191, 209, 220, 193, 14, 208, 41, 115, 132, 221, 32, 99, 130, 88, 188, 72, 209, 15, 98,
	223, 225, 213, 122, 19, 63, 161, 66, 129, 23, 41, 1, 253, 195, 186, 243, 189, 218, 175, 22, 152, 144, 186, 154, 144,
	90, 28, 170, 53, 237, 222, 193, 86, 135, 106, 198, 103, 52, 40, 196, 206, 174, 163, 9, 169, 200, 251, 104, 152, 189,
	24, 132, 193, 184, 178, 2, 255, 97, 51, 114, 184, 47, 21, 27, 159, 105, 34, 215, 32, 164, 65, 72, 77, 8, 57, 203, 242,
	86, 142, 147, 13, 200, 200, 154, 24, 210, 196, 144, 6, 33, 13, 66, 110, 136, 33, 243, 57, 219, 202, 97, 178, 17, 249,
	213, 103, 1, 148, 207, 53, 201, 106, 192, 207, 128, 159, 73, 186, 214, 224, 27, 210, 12, 108, 165, 62, 193, 5, 198, 89,
	104, 192, 229, 91, 51, 109, 110, 185, 181, 93, 135, 166, 188, 112, 230, 52, 87, 232, 237, 223, 136, 104, 133, 242, 228,
	130, 122, 11, 37, 175, 186, 127, 211, 203, 243, 113, 161, 208, 142, 131, 116, 5, 72, 56, 141, 180, 246, 90, 52, 161,
	240, 14, 112, 215, 201, 244, 66, 30, 53, 69, 233, 253, 132, 199, 252, 149, 19, 173, 165, 10, 25, 210, 169, 40, 85, 16,
	131, 249, 236, 187, 129, 77, 3, 155, 123, 195, 166, 65, 74, 131, 148, 203, 129, 33, 162, 75, 18, 29, 14, 130, 176, 86,
	212, 68, 82, 148, 161, 166, 57, 234, 55, 16, 99, 146, 22, 130, 57, 245, 110, 214, 13, 40, 31, 52, 40, 15, 213, 220, 19,
	27, 81, 62, 82, 18, 196, 22, 231, 55, 183, 111, 206, 140, 132, 172, 76, 225, 153, 16, 181, 2, 229, 22, 18, 16, 167, 20,
	85, 40, 49, 206, 166, 66, 129, 67, 102, 199, 33, 199, 70, 227, 70, 149, 95, 228, 65, 76, 162, 0, 129, 223, 128, 86, 83,
	153, 50, 18, 47, 8, 38, 156, 112, 116, 98, 97, 229, 150, 60, 35, 163, 90, 155, 158, 183, 69, 85, 238, 9, 228, 58, 158,
	208, 144, 213, 159, 107, 49, 198, 93, 181, 113, 139, 236, 85, 147, 22, 45, 8, 202, 23, 200, 39, 202, 9, 129, 32, 252,
	84, 93, 203, 120, 49, 41, 159, 235, 238, 66, 250, 226, 89, 18, 55, 20, 58, 170, 221, 121, 167, 102, 169, 194, 204, 147,
	109, 192, 94, 79, 132, 168, 52, 242, 116, 91, 146, 157, 206, 173, 215, 119, 99, 246, 58, 85, 221, 135, 157, 85, 196,
	23, 175, 165, 36, 34, 210, 221, 47, 63, 158, 120, 174, 173, 190, 129, 221, 75, 204, 89, 237, 150, 162, 209, 159, 149,
	193, 71, 218, 96, 231, 46, 31, 180, 202, 4, 237, 104, 175, 35, 193, 231, 248, 216, 164, 254, 151, 172, 178, 37, 19,
	164, 199, 155, 146, 227, 167, 17, 243, 9, 143, 39, 147, 32, 68, 70, 72, 127, 50, 227, 23, 80, 118, 82, 217, 107, 10,
	41, 113, 213, 189, 167, 192, 69, 73, 254, 242, 35, 99, 198, 214, 117, 219, 186, 188, 12, 161, 237, 150, 197, 188, 165,
	67, 216, 20, 123, 162, 146, 120, 71, 67, 215, 227, 199, 164, 214, 85, 80, 250, 89, 208, 142, 188, 92, 116, 181, 190,
	81, 249, 246, 65, 214, 134, 6, 229, 38, 168, 170, 32, 83, 128, 107, 45, 157, 31, 40, 183, 159, 47, 238, 23, 95, 115,
	229, 68, 170, 139, 64, 159, 248, 121, 232, 62, 130, 43, 148, 148, 154, 26, 10, 243, 52, 207, 194, 149, 189, 236, 69,
	223, 164, 61, 119, 149, 47, 37, 94, 142, 152, 253, 141, 163, 226, 206, 60, 73, 145, 218, 86, 98, 201, 152, 248, 52,
	150, 188, 181, 86, 215, 252, 36, 200, 151, 234, 158, 4, 41, 80, 140, 38, 90, 175, 72, 220, 215, 101, 189, 169, 243, 93,
	101, 197, 72, 92, 5, 86, 188, 124, 229, 175, 102, 19, 198, 11, 164, 236, 187, 203, 35, 110, 92, 175, 185, 2, 90, 211,
	21, 208, 3, 43, 143, 65, 155, 113, 2, 198, 253, 31, 34, 105, 59, 117, 135, 35, 180, 64, 66, 58, 182, 181, 129, 120, 18,
	218, 114, 65, 11, 41, 140, 102, 185, 123, 237, 44, 146, 7, 166, 147, 193, 58, 87, 123, 109, 112, 83, 154, 72, 231, 74,
	148, 11, 161, 156, 146, 215, 94, 153, 67, 36, 225, 6, 208, 234, 217, 248, 74, 238, 207, 139, 72, 94, 188, 74, 3, 72,
	60, 245, 65, 7, 13, 220, 248, 173, 215, 190, 185, 235, 116, 111, 172, 47, 173, 219, 78, 235, 166, 103, 245, 126, 255,
	220, 182, 186, 239, 255, 222, 190, 236, 157, 21, 169, 72, 103, 62, 22, 117, 133, 89, 110, 57, 224, 41, 126, 213, 39,
	127, 176, 48, 200, 44, 94, 170, 48, 115, 10, 39, 91, 84, 181, 197, 47, 17, 134, 225, 68, 90, 70, 151, 172, 155, 19, 63,
	32, 94, 224, 15, 65, 20, 2, 234, 200, 43, 18, 3, 156, 60, 36, 246, 36, 47, 11, 39, 54, 213, 159, 130, 89, 29, 159, 60,
	136, 243, 78, 180, 247, 229, 209, 120, 132, 179, 22, 85, 229, 173, 49, 250, 55, 251, 228, 178, 68, 107, 156, 35, 19,
	159, 151, 113, 110, 5, 172, 91, 183, 206, 185, 114, 217, 74, 147, 181, 121, 142, 84, 26, 167, 207, 74, 62, 113, 199,
	144, 207, 144, 21, 73, 71, 253, 211, 206, 88, 205, 36, 18, 198, 205, 10, 205, 37, 81, 60, 41, 195, 157, 4, 156, 187,
	125, 143, 213, 30, 166, 35, 116, 55, 196, 110, 101, 77, 136, 16, 157, 240, 40, 90, 67, 245, 40, 104, 224, 170, 43, 44,
	131, 201, 98, 207, 172, 6, 6, 44, 7, 125, 95, 66, 11, 22, 217, 163, 87, 15, 124, 150, 145, 73, 125, 161, 172, 213, 89,
	176, 56, 88, 180, 141, 33, 27, 67, 54, 134, 188, 173, 33, 111, 111, 199, 16, 181, 98, 212, 32, 109, 12, 126, 12, 99,
	143, 113, 77, 198, 141, 161, 103, 106, 224, 72, 143, 140, 67, 197, 83, 190, 248, 164, 104, 16, 170, 60, 95, 253, 0, 19,
	160, 136, 47, 103, 195, 127, 136, 125, 187, 180, 245, 47, 68, 91, 3, 24, 75, 92, 167, 137, 70, 84, 178, 219, 14, 153,
	120, 63, 46, 147, 65, 82, 247, 38, 211, 145, 130, 237, 201, 22, 41, 164, 79, 245, 148, 192, 30, 100, 124, 174, 32, 16,
	165, 250, 101, 167, 195, 70, 162, 64, 143, 133, 160, 64, 209, 60, 146, 197, 86, 102, 33, 67, 76, 188, 97, 9, 73, 202,
	195, 133, 102, 45, 203, 92, 55, 6, 210, 16, 3, 217, 91, 116, 58, 114, 151, 147, 8, 91, 82, 0, 213, 62, 245, 240, 23,
	17, 83, 234, 65, 128, 51, 157, 100, 116, 216, 174, 171, 52, 13, 156, 243, 21, 159, 48, 219, 29, 184, 246, 2, 183, 37,
	197, 11, 34, 145, 29, 151, 36, 45, 249, 126, 120, 9, 55, 206, 136, 136, 0, 228, 199, 198, 19, 143, 161, 9, 200, 219,
	158, 66, 46, 16, 162, 102, 147, 28, 15, 29, 150, 46, 212, 218, 192, 205, 19, 145, 119, 149, 116, 36, 145, 3, 62, 233,
	141, 131, 50, 106, 143, 106, 45, 65, 122, 129, 166, 250, 57, 12, 30, 93, 71, 148, 116, 102, 226, 76, 149, 4, 5, 5, 170,
	19, 186, 236, 17, 227, 185, 5, 131, 78, 4, 245, 3, 95, 208, 162, 194, 132, 104, 203, 182, 25, 231, 235, 191, 152, 6,
	152, 49, 199, 91, 234, 1, 25, 7, 142, 59, 152, 226, 45, 14, 215, 127, 53, 241, 168, 205, 78, 137, 124, 222, 59, 33, 10,
	111, 120, 240, 228, 187, 120, 128, 140, 109, 195, 68, 10, 20, 226, 211, 17, 163, 14, 234, 84, 170, 78, 185, 205, 85,
	186, 78, 94, 156, 39, 22, 185, 211, 144, 217, 193, 24, 52, 201, 145, 164, 216, 160, 153, 50, 251, 37, 149, 88, 94, 53,
	22, 217, 213, 153, 200, 112, 61, 115, 64, 71, 97, 251, 38, 150, 252, 24, 184, 78, 74, 52, 172, 54, 163, 47, 158, 192,
	199, 98, 94, 204, 178, 162, 223, 181, 209, 66, 178, 9, 40, 231, 160, 237, 60, 159, 215, 6, 166, 10, 147, 18, 199, 61,
	30, 68, 32, 206, 20, 88, 10, 240, 233, 48, 32, 123, 44, 78, 57, 168, 239, 144, 49, 141, 96, 69, 242, 171, 233, 120,
	197, 236, 240, 31, 131, 111, 233, 1, 95, 54, 179, 56, 174, 159, 203, 203, 83, 50, 118, 185, 28, 213, 153, 145, 16, 3,
	3, 7, 98, 210, 62, 27, 209, 71, 55, 8, 79, 147, 233, 167, 196, 67, 14, 200, 122, 75, 54, 156, 129, 203, 128, 198, 94,
	180, 75, 190, 122, 225, 111, 30, 27, 82, 123, 154, 75, 71, 47, 93, 48, 100, 225, 0, 116, 9, 144, 120, 53, 38, 239, 225,
	60, 210, 135, 158, 173, 228, 241, 101, 69, 241, 21, 80, 214, 77, 70, 110, 175, 24, 88, 97, 84, 149, 62, 28, 157, 243,
	191, 153, 83, 206, 63, 100, 189, 244, 87, 97, 7, 85, 195, 118, 74, 210, 238, 208, 221, 221, 240, 205, 157, 224, 251,
	113, 129, 67, 122, 179, 19, 168, 223, 180, 70, 103, 149, 86, 202, 8, 92, 112, 67, 30, 85, 82, 8, 33, 150, 221, 111,
	200, 178, 57, 56, 9, 0, 179, 58, 206, 75, 105, 165, 22, 172, 43, 208, 238, 199, 46, 150, 253, 171, 44, 63, 6, 156, 124,
	143, 163, 118, 252, 79, 171, 202, 85, 85, 229, 102, 208, 255, 83, 146, 172, 33, 45, 59, 21, 143, 53, 45, 84, 145, 153,
	48, 86, 87, 73, 227, 243, 45, 72, 46, 193, 142, 130, 102, 27, 235, 152, 161, 162, 213, 66, 75, 222, 189, 95, 170, 4,
	75, 150, 140, 77, 149, 40, 24, 113, 211, 50, 115, 101, 45, 87, 23, 14, 170, 78, 198, 129, 98, 95, 174, 28, 82, 53, 4,
	226, 1, 64, 144, 157, 96, 165, 147, 114, 185, 69, 50, 80, 88, 13, 20, 218, 107, 197, 61, 183, 92, 144, 232, 197, 185,
	165, 176, 243, 125, 129, 244, 27, 104, 239, 251, 168, 169, 46, 187, 135, 245, 41, 54, 251, 43, 166, 211, 234, 253, 25,
	59, 197, 5, 237, 108, 50, 99, 236, 13, 205, 180, 239, 39, 49, 229, 21, 24, 169, 225, 153, 26, 193, 82, 53, 130, 125,
	202, 89, 115, 91, 106, 206, 85, 9, 102, 162, 174, 164, 123, 3, 232, 15, 223, 196, 24, 65, 17, 89, 93, 72, 173, 252,
	166, 192, 37, 161, 97, 72, 167, 249, 235, 68, 201, 223, 249, 114, 196, 156, 89, 64, 190, 44, 125, 119, 119, 90, 142,
	119, 98, 230, 237, 122, 181, 169, 140, 30, 102, 77, 218, 102, 171, 7, 206, 77, 168, 60, 41, 168, 142, 9, 161, 197, 194,
	112, 167, 252, 225, 37, 32, 106, 27, 191, 163, 84, 107, 48, 167, 36, 86, 11, 91, 166, 133, 11, 38, 241, 196, 17, 157,
	80, 196, 174, 82, 80, 43, 142, 205, 194, 49, 149, 169, 251, 202, 58, 38, 72, 2, 249, 186, 99, 218, 211, 164, 0, 104,
	150, 26, 204, 137, 81, 134, 101, 249, 243, 7, 249, 197, 76, 5, 42, 138, 189, 184, 186, 179, 93, 0, 143, 187, 162, 209,
	212, 39, 155, 228, 5, 196, 31, 56, 145, 212, 175, 206, 224, 153, 208, 75, 87, 202, 201, 220, 162, 85, 144, 122, 41,
	171, 199, 186, 192, 96, 168, 20, 12, 62, 86, 12, 6, 67, 3, 6, 6, 12, 158, 1, 24, 12, 155, 1, 6, 201, 131, 156, 138, 35,
	132, 142, 28, 85, 119, 160, 128, 23, 145, 179, 119, 235, 12, 34, 52, 189, 6, 178, 148, 184, 116, 43, 254, 80, 135, 226,
	235, 118, 138, 67, 163, 248, 135, 164, 248, 195, 38, 41, 190, 120, 2, 90, 49, 222, 255, 3, 199, 172, 4, 237, 69, 163,
	9, 163, 241, 7, 1, 245, 59, 201, 74, 175, 186, 15, 213, 171, 123, 37, 24, 111, 212, 253, 112, 0, 190, 65, 234, 46, 154,
	100, 40, 214, 247, 203, 194, 49, 85, 238, 244, 197, 21, 12, 163, 242, 135, 161, 242, 101, 164, 165, 67, 233, 69, 182,
	29, 127, 144, 90, 109, 164, 95, 186, 162, 134, 238, 244, 120, 81, 61, 233, 157, 148, 80, 221, 5, 134, 13, 127, 208,
	113, 238, 244, 185, 210, 54, 226, 89, 95, 154, 220, 37, 186, 76, 40, 226, 74, 99, 173, 238, 47, 142, 92, 207, 141, 166,
	86, 138, 87, 170, 60, 224, 189, 28, 247, 67, 241, 176, 234, 211, 221, 41, 235, 146, 245, 228, 174, 45, 85, 220, 15, 99,
	245, 130, 155, 5, 12, 25, 39, 95, 82, 229, 113, 182, 232, 102, 215, 30, 111, 169, 204, 170, 48, 65, 190, 104, 96, 249,
	236, 201, 66, 245, 176, 60, 10, 12, 123, 13, 49, 49, 13, 185, 210, 248, 64, 214, 52, 54, 174, 143, 89, 206, 73, 140, 2,
	207, 73, 30, 142, 125, 242, 166, 73, 151, 6, 39, 49, 32, 221, 17, 69, 36, 248, 186, 85, 161, 18, 202, 70, 121, 73, 210,
	53, 202, 253, 213, 107, 194, 124, 59, 192, 171, 173, 151, 201, 91, 23, 228, 216, 143, 177, 68, 80, 92, 17, 69, 126, 84,
	246, 168, 204, 165, 224, 63, 159, 245, 154, 75, 122, 0, 172, 162, 180, 34, 3, 137, 163, 193, 207, 198, 60, 94, 154,
	121, 220, 247, 62, 188, 250, 249, 0, 140, 163, 152, 206, 234, 76, 227, 245, 91, 99, 27, 13, 183, 13, 16, 81, 164, 197,
	62, 94, 191, 61, 16, 3, 41, 32, 180, 58, 11, 185, 56, 55, 22, 210, 112, 11, 193, 50, 102, 45, 22, 114, 113, 126, 32,
	22, 82, 64, 104, 69, 22, 242, 228, 58, 204, 24, 72, 131, 13, 228, 9, 133, 163, 193, 62, 80, 240, 13, 182, 138, 57, 242,
	106, 216, 139, 91, 212, 119, 44, 143, 249, 198, 42, 204, 158, 92, 235, 186, 249, 242, 187, 222, 186, 51, 118, 243, 55,
	126, 144, 149, 212, 22, 119, 161, 142, 255, 87, 238, 247, 253, 41, 216, 101, 99, 179, 15, 179, 228, 170, 76, 231, 131,
	169, 14, 163, 81, 229, 57, 9, 3, 19, 38, 55, 241, 18, 64, 66, 128, 1, 68, 9, 1, 222, 32, 3, 207, 28, 131, 190, 241,
	134, 102, 95, 246, 135, 134, 37, 250, 38, 33, 19, 207, 159, 23, 159, 202, 229, 190, 123, 81, 116, 248, 22, 50, 209, 51,
	81, 96, 199, 118, 112, 114, 62, 79, 236, 127, 148, 98, 213, 185, 146, 115, 199, 98, 29, 219, 238, 160, 81, 220, 215,
	148, 138, 132, 135, 67, 238, 96, 138, 98, 75, 159, 205, 17, 77, 177, 196, 193, 81, 44, 122, 85, 14, 98, 175, 218, 147,
	69, 131, 191, 6, 127, 13, 254, 214, 134, 191, 23, 138, 114, 226, 38, 54, 51, 185, 241, 170, 0, 66, 36, 105, 182, 106,
	219, 80, 217, 94, 14, 177, 162, 25, 123, 184, 85, 135, 21, 7, 24, 167, 45, 98, 139, 218, 64, 109, 121, 116, 19, 169,
	25, 52, 54, 104, 252, 66, 209, 184, 196, 202, 29, 38, 186, 182, 91, 158, 27, 69, 30, 179, 152, 239, 128, 34, 238, 248,
	80, 243, 222, 92, 192, 7, 94, 195, 152, 157, 166, 178, 199, 167, 83, 37, 65, 68, 18, 244, 76, 29, 210, 133, 162, 163,
	106, 19, 184, 154, 35, 107, 3, 149, 13, 9, 92, 139, 106, 8, 234, 60, 123, 152, 29, 216, 27, 152, 48, 7, 247, 6, 27, 26,
	81, 160, 80, 7, 34, 68, 193, 218, 203, 3, 149, 111, 21, 81, 104, 33, 227, 177, 39, 110, 128, 164, 152, 153, 240, 71,
	50, 4, 159, 101, 42, 150, 230, 41, 193, 127, 7, 134, 120, 177, 35, 95, 184, 154, 43, 72, 41, 236, 57, 169, 245, 110,
	17, 103, 222, 160, 220, 189, 34, 229, 232, 135, 106, 165, 29, 221, 0, 169, 216, 247, 141, 118, 174, 33, 159, 143, 171,
	235, 199, 131, 129, 252, 41, 3, 247, 153, 38, 57, 52, 162, 103, 4, 246, 20, 55, 247, 215, 215, 226, 61, 102, 202, 241,
	93, 50, 215, 63, 37, 129, 15, 30, 0, 63, 158, 232, 87, 218, 163, 211, 14, 198, 147, 24, 188, 130, 222, 166, 99, 244,
	187, 245, 20, 186, 17, 179, 228, 236, 53, 128, 36, 144, 224, 142, 227, 113, 49, 88, 102, 55, 157, 128, 33, 72, 103,
	132, 77, 65, 3, 34, 37, 13, 28, 141, 196, 195, 96, 62, 248, 20, 224, 190, 29, 165, 23, 165, 37, 112, 84, 123, 113, 243,
	82, 190, 100, 156, 67, 217, 13, 5, 57, 197, 207, 197, 57, 1, 227, 254, 15, 145, 88, 45, 219, 136, 33, 234, 241, 120,
	245, 93, 21, 131, 198, 6, 141, 13, 26, 27, 52, 62, 100, 52, 94, 117, 238, 222, 88, 44, 94, 117, 57, 202, 128, 177, 1,
	99, 45, 96, 172, 225, 0, 197, 0, 178, 1, 228, 117, 128, 92, 120, 180, 214, 88, 68, 94, 117, 25, 207, 32, 178, 65, 100,
	45, 136, 172, 225, 156, 198, 32, 178, 65, 228, 117, 136, 92, 120, 130, 215, 76, 68, 94, 125, 249, 211, 0, 178, 1, 100,
	229, 128, 172, 231, 68, 204, 224, 177, 193, 227, 85, 120, 188, 112, 86, 218, 64, 20, 78, 159, 128, 151, 45, 255, 203,
	195, 240, 186, 96, 167, 68, 247, 63, 41, 199, 127, 199, 140, 227, 217, 122, 166, 19, 13, 199, 209, 67, 134, 208, 73,
	161, 6, 84, 129, 1, 98, 222, 250, 122, 243, 137, 206, 169, 169, 130, 17, 64, 156, 217, 49, 186, 124, 147, 32, 57, 112,
	191, 171, 160, 21, 192, 188, 53, 202, 206, 179, 123, 216, 228, 198, 114, 177, 109, 45, 83, 142, 116, 240, 246, 121,
	240, 113, 206, 203, 50, 210, 66, 173, 107, 156, 169, 78, 188, 152, 91, 236, 223, 150, 252, 253, 145, 113, 64, 165, 117,
	187, 223, 32, 83, 14, 224, 127, 194, 124, 44, 55, 153, 48, 223, 169, 202, 0, 90, 98, 54, 176, 1, 127, 137, 142, 122,
	148, 27, 173, 206, 168, 182, 70, 213, 78, 189, 180, 250, 213, 205, 0, 179, 62, 53, 94, 32, 162, 38, 29, 230, 145, 209,
	97, 173, 58, 252, 146, 218, 21, 207, 116, 123, 37, 109, 245, 169, 250, 147, 209, 245, 74, 116, 253, 153, 55, 199, 155,
	233, 248, 60, 65, 53, 98, 248, 197, 185, 209, 236, 170, 80, 252, 101, 244, 69, 157, 41, 249, 42, 210, 42, 83, 247, 144,
	21, 52, 122, 49, 151, 238, 95, 182, 193, 22, 42, 69, 21, 41, 31, 159, 61, 165, 199, 82, 3, 208, 135, 50, 203, 221, 207,
	50, 111, 197, 202, 229, 139, 74, 177, 239, 176, 208, 19, 138, 152, 88, 37, 30, 171, 165, 98, 144, 57, 160, 162, 67,
	164, 194, 67, 151, 187, 9, 181, 113, 125, 12, 204, 30, 70, 232, 51, 66, 61, 47, 16, 157, 59, 178, 165, 206, 193, 17,
	206, 55, 219, 194, 28, 255, 240, 245, 235, 143, 63, 156, 144, 167, 145, 107, 23, 29, 154, 29, 81, 143, 7, 100, 28, 3,
	140, 226, 208, 14, 130, 201, 152, 250, 49, 76, 50, 61, 197, 83, 228, 32, 132, 197, 136, 153, 240, 13, 152, 100, 61,
	233, 195, 47, 130, 164, 167, 32, 252, 6, 22, 24, 134, 204, 142, 188, 105, 225, 34, 138, 126, 247, 43, 13, 125, 24, 235,
	29, 233, 141, 92, 142, 71, 141, 212, 39, 12, 173, 249, 213, 36, 12, 252, 188, 241, 190, 146, 71, 143, 120, 53, 222,
	141, 18, 219, 14, 217, 15, 226, 56, 77, 228, 28, 138, 134, 103, 131, 129, 107, 187, 96, 183, 228, 137, 78, 5, 44, 218,
	120, 80, 233, 185, 124, 68, 166, 65, 28, 146, 97, 64, 189, 237, 33, 242, 188, 204, 61, 84, 248, 241, 64, 94, 175, 209,
	242, 192, 83, 156, 159, 71, 188, 115, 70, 135, 12, 149, 10, 149, 6, 245, 113, 229, 213, 84, 241, 36, 20, 168, 132, 240,
	239, 97, 108, 235, 62, 93, 110, 64, 167, 182, 149, 193, 5, 216, 133, 147, 237, 219, 192, 12, 91, 119, 151, 157, 78,
	234, 248, 245, 118, 200, 112, 185, 197, 35, 152, 217, 174, 186, 43, 198, 175, 35, 38, 114, 137, 51, 28, 23, 26, 17, 50,
	192, 0, 158, 175, 98, 112, 92, 137, 58, 228, 152, 51, 128, 175, 126, 240, 200, 106, 187, 237, 42, 72, 220, 248, 16, 80,
	209, 185, 250, 128, 60, 228, 152, 253, 128, 154, 47, 155, 130, 192, 74, 253, 119, 69, 95, 121, 69, 122, 243, 172, 17,
	197, 24, 130, 63, 130, 61, 15, 51, 157, 126, 72, 121, 229, 130, 238, 50, 234, 8, 159, 19, 76, 100, 156, 20, 157, 21,
	143, 254, 123, 16, 75, 167, 48, 140, 193, 147, 192, 64, 76, 86, 56, 228, 88, 31, 178, 49, 133, 33, 177, 118, 193, 157,
	185, 34, 39, 78, 64, 59, 144, 33, 24, 157, 0, 228, 218, 242, 87, 199, 236, 108, 120, 150, 213, 41, 185, 160, 226, 212,
	59, 217, 68, 128, 104, 227, 39, 159, 31, 67, 152, 67, 48, 8, 194, 100, 58, 224, 211, 140, 5, 103, 164, 227, 3, 138,
	140, 115, 207, 170, 37, 240, 3, 164, 2, 193, 32, 10, 112, 42, 248, 63, 124, 20, 196, 30, 216, 149, 61, 114, 217, 35,
	19, 227, 108, 237, 181, 150, 4, 53, 137, 67, 6, 250, 7, 206, 43, 0, 93, 25, 187, 127, 200, 181, 162, 209, 98, 57, 8,
	163, 220, 133, 63, 131, 161, 135, 129, 19, 219, 50, 56, 24, 184, 62, 232, 68, 159, 141, 232, 163, 11, 11, 1, 143, 22,
	99, 145, 205, 19, 248, 189, 33, 46, 3, 190, 201, 197, 147, 140, 78, 16, 247, 163, 83, 241, 8, 183, 43, 46, 244, 15,
	192, 93, 179, 42, 189, 86, 131, 159, 148, 50, 62, 171, 217, 62, 107, 238, 14, 84, 35, 80, 121, 223, 23, 168, 84, 154,
	83, 99, 59, 146, 24, 179, 122, 158, 102, 117, 224, 173, 124, 229, 178, 69, 162, 71, 48, 139, 55, 16, 81, 242, 13, 78,
	232, 218, 141, 190, 22, 196, 249, 62, 246, 172, 9, 64, 11, 11, 49, 25, 237, 91, 50, 80, 171, 61, 69, 215, 34, 31, 3, 7,
	36, 200, 102, 169, 186, 99, 246, 253, 140, 116, 255, 113, 74, 218, 183, 183, 86, 231, 230, 75, 235, 186, 115, 101, 93,
	181, 122, 173, 83, 194, 34, 251, 164, 234, 28, 157, 43, 158, 189, 182, 119, 209, 245, 110, 255, 95, 176, 241, 80, 223,
	189, 201, 39, 191, 125, 186, 254, 44, 132, 72, 2, 49, 135, 222, 12, 123, 145, 138, 172, 192, 186, 24, 168, 252, 89, 99,
	73, 122, 237, 80, 134, 159, 177, 212, 64, 24, 14, 149, 110, 129, 118, 93, 221, 126, 104, 213, 5, 203, 71, 172, 10, 233,
	19, 170, 82, 186, 91, 19, 91, 146, 156, 110, 165, 42, 191, 71, 11, 97, 216, 113, 23, 147, 144, 205, 242, 238, 93, 14,
	135, 142, 79, 22, 166, 218, 1, 217, 6, 174, 199, 44, 42, 82, 248, 22, 6, 15, 108, 5, 182, 61, 31, 28, 32, 31, 96, 201,
	45, 177, 226, 42, 112, 128, 135, 246, 11, 0, 129, 237, 174, 142, 224, 18, 223, 190, 57, 120, 32, 184, 67, 59, 225, 185,
	35, 135, 4, 9, 98, 46, 174, 125, 249, 25, 4, 32, 121, 51, 109, 211, 1, 8, 179, 209, 223, 189, 203, 155, 175, 42, 72,
	24, 178, 104, 239, 96, 103, 141, 212, 183, 191, 149, 7, 225, 93, 76, 189, 165, 0, 54, 196, 180, 219, 241, 152, 78, 241,
	140, 197, 67, 147, 142, 70, 32, 128, 172, 40, 253, 16, 2, 30, 81, 196, 250, 76, 208, 206, 217, 188, 71, 214, 141, 115,
	248, 147, 48, 5, 153, 53, 197, 107, 119, 207, 12, 249, 102, 87, 46, 22, 205, 1, 239, 197, 129, 69, 84, 119, 52, 75, 29,
	158, 228, 23, 190, 71, 36, 101, 70, 66, 140, 72, 65, 232, 4, 201, 29, 48, 205, 29, 211, 33, 179, 38, 81, 248, 180, 31,
	142, 253, 188, 207, 13, 154, 207, 51, 117, 21, 255, 226, 3, 160, 117, 144, 176, 213, 254, 235, 165, 108, 206, 18, 62,
	236, 138, 80, 251, 170, 47, 138, 158, 139, 43, 151, 180, 239, 177, 60, 69, 219, 8, 104, 109, 19, 246, 109, 61, 184, 24,
	255, 221, 59, 84, 205, 125, 156, 118, 166, 224, 251, 94, 20, 51, 90, 254, 76, 181, 92, 132, 74, 162, 220, 163, 94, 53,
	223, 71, 203, 177, 32, 134, 133, 86, 52, 194, 197, 88, 147, 32, 240, 44, 234, 56, 22, 214, 230, 60, 50, 107, 24, 6,
	241, 196, 138, 40, 255, 86, 222, 8, 84, 196, 170, 72, 1, 17, 196, 144, 206, 213, 75, 86, 247, 95, 133, 184, 122, 66,
	90, 159, 65, 88, 85, 68, 160, 88, 64, 181, 195, 218, 23, 73, 252, 136, 98, 235, 45, 171, 208, 222, 188, 72, 11, 187,
	68, 140, 22, 99, 248, 35, 98, 35, 169, 202, 4, 85, 89, 43, 91, 98, 206, 66, 140, 133, 55, 177, 230, 49, 112, 29, 213,
	199, 46, 97, 223, 141, 66, 26, 78, 101, 177, 158, 60, 148, 74, 91, 92, 36, 93, 48, 224, 99, 82, 116, 90, 153, 192, 60,
	54, 222, 230, 4, 10, 72, 87, 114, 11, 107, 254, 200, 37, 153, 93, 84, 28, 138, 198, 31, 50, 56, 70, 133, 211, 186, 106,
	132, 163, 154, 150, 44, 166, 174, 124, 193, 35, 119, 56, 178, 38, 161, 27, 64, 92, 55, 173, 171, 192, 42, 8, 69, 129,
	77, 148, 150, 96, 18, 164, 138, 164, 84, 9, 206, 104, 126, 131, 105, 70, 112, 51, 46, 212, 102, 77, 81, 178, 103, 10,
	132, 163, 204, 13, 86, 89, 177, 191, 35, 42, 253, 165, 139, 22, 68, 200, 3, 162, 252, 150, 116, 209, 49, 232, 200, 222,
	45, 206, 241, 238, 29, 70, 51, 179, 48, 70, 95, 168, 212, 144, 32, 201, 132, 71, 7, 22, 30, 153, 200, 232, 121, 70, 70,
	198, 101, 26, 151, 185, 141, 203, 212, 224, 44, 119, 240, 105, 19, 106, 127, 99, 142, 133, 233, 101, 139, 134, 33, 157,
	42, 107, 92, 182, 119, 214, 107, 77, 223, 50, 36, 183, 225, 119, 227, 122, 240, 43, 13, 202, 251, 89, 200, 235, 61,
	172, 191, 133, 210, 170, 194, 191, 213, 218, 25, 41, 59, 142, 134, 21, 35, 7, 134, 44, 170, 175, 163, 25, 149, 100,
	128, 55, 93, 18, 68, 77, 230, 169, 166, 147, 153, 2, 83, 221, 208, 200, 236, 0, 12, 86, 56, 29, 117, 86, 187, 196, 16,
	99, 187, 213, 219, 110, 129, 16, 106, 178, 224, 129, 23, 80, 76, 7, 169, 245, 177, 98, 84, 45, 30, 246, 226, 252, 21,
	4, 210, 68, 76, 240, 146, 61, 237, 7, 41, 183, 151, 101, 176, 66, 234, 13, 240, 182, 121, 37, 204, 219, 108, 94, 40,
	245, 153, 173, 26, 223, 187, 183, 9, 111, 240, 188, 7, 100, 200, 85, 121, 96, 99, 211, 181, 123, 225, 134, 88, 246,
	219, 55, 138, 29, 50, 222, 129, 245, 152, 22, 143, 252, 246, 141, 241, 200, 153, 138, 188, 125, 99, 172, 183, 14, 143,
	156, 87, 194, 37, 187, 77, 132, 82, 159, 221, 170, 241, 200, 251, 219, 240, 6, 151, 124, 64, 150, 92, 169, 75, 54, 70,
	93, 167, 75, 174, 223, 180, 101, 193, 132, 90, 135, 156, 20, 97, 232, 220, 35, 227, 95, 135, 141, 111, 209, 175, 213,
	39, 119, 252, 23, 23, 79, 39, 82, 111, 206, 46, 57, 37, 40, 103, 186, 51, 177, 212, 101, 184, 106, 60, 178, 2, 35, 222,
	110, 151, 124, 24, 166, 92, 149, 83, 54, 86, 221, 148, 125, 114, 189, 182, 173, 124, 151, 156, 20, 59, 233, 220, 38,
	27, 167, 140, 26, 242, 210, 34, 234, 230, 56, 229, 121, 53, 92, 48, 220, 170, 162, 105, 173, 219, 100, 5, 70, 188, 221,
	62, 217, 56, 101, 99, 213, 141, 114, 202, 245, 219, 118, 210, 174, 77, 173, 87, 222, 178, 177, 247, 222, 30, 122, 101,
	175, 235, 23, 227, 153, 37, 7, 94, 150, 17, 207, 94, 218, 170, 217, 51, 39, 125, 207, 114, 86, 155, 19, 71, 109, 102,
	187, 175, 79, 86, 108, 188, 27, 60, 243, 65, 152, 112, 85, 30, 217, 88, 115, 237, 30, 185, 70, 155, 126, 100, 216, 227,
	249, 92, 159, 47, 94, 173, 193, 123, 123, 226, 47, 146, 246, 151, 236, 138, 19, 22, 188, 44, 235, 77, 22, 221, 0, 103,
	156, 82, 146, 179, 220, 188, 68, 234, 51, 93, 133, 254, 120, 127, 3, 222, 224, 141, 15, 195, 140, 171, 114, 199, 198,
	162, 27, 224, 144, 27, 96, 215, 23, 7, 236, 146, 47, 140, 75, 190, 120, 137, 6, 124, 209, 24, 151, 124, 177, 108, 186,
	23, 53, 155, 238, 225, 185, 228, 11, 227, 146, 141, 69, 55, 203, 37, 215, 106, 215, 111, 14, 216, 37, 191, 49, 46, 249,
	205, 75, 52, 224, 55, 141, 113, 201, 111, 150, 77, 119, 215, 179, 166, 11, 197, 166, 123, 120, 46, 249, 141, 113, 201,
	198, 162, 155, 229, 146, 107, 178, 107, 59, 240, 192, 140, 15, 209, 33, 95, 34, 229, 47, 217, 29, 11, 6, 188, 44, 211,
	21, 75, 110, 128, 43, 22, 86, 147, 55, 216, 153, 44, 244, 70, 208, 171, 205, 245, 144, 156, 240, 33, 152, 110, 85, 46,
	216, 88, 113, 205, 238, 183, 122, 91, 214, 230, 109, 191, 208, 208, 165, 126, 164, 107, 7, 44, 71, 127, 145, 46, 215,
	39, 47, 44, 70, 150, 178, 110, 194, 174, 55, 161, 196, 245, 51, 41, 84, 104, 150, 10, 189, 170, 18, 227, 220, 180, 187,
	61, 8, 19, 213, 238, 90, 141, 181, 214, 188, 163, 173, 216, 102, 67, 54, 56, 122, 126, 78, 7, 37, 155, 215, 99, 241,
	40, 245, 196, 161, 133, 61, 244, 212, 105, 52, 62, 19, 92, 159, 49, 111, 88, 63, 72, 154, 133, 108, 249, 17, 80, 109,
	74, 126, 39, 148, 60, 5, 20, 160, 160, 207, 240, 165, 210, 148, 12, 9, 55, 129, 232, 178, 187, 6, 115, 118, 105, 106,
	238, 176, 73, 200, 108, 124, 59, 187, 216, 181, 228, 190, 251, 83, 145, 39, 25, 51, 206, 233, 80, 124, 226, 150, 141,
	131, 71, 112, 11, 226, 229, 103, 193, 215, 1, 5, 214, 145, 123, 206, 192, 108, 39, 211, 217, 11, 229, 129, 124, 94,
	117, 249, 137, 179, 255, 236, 108, 140, 156, 69, 22, 234, 137, 243, 156, 77, 82, 239, 187, 18, 184, 154, 237, 87, 154,
	160, 109, 111, 205, 183, 118, 114, 45, 56, 5, 122, 150, 204, 171, 100, 118, 40, 58, 104, 139, 39, 0, 245, 190, 103,
	239, 81, 206, 45, 241, 115, 169, 110, 209, 248, 218, 185, 182, 142, 209, 226, 41, 245, 172, 107, 52, 18, 153, 122, 225,
	4, 165, 142, 221, 1, 145, 50, 196, 94, 219, 64, 225, 111, 189, 246, 205, 93, 167, 123, 99, 125, 105, 221, 118, 90, 55,
	61, 171, 247, 251, 231, 182, 213, 125, 255, 247, 246, 101, 239, 68, 239, 19, 185, 98, 157, 187, 50, 113, 109, 160, 186,
	31, 7, 197, 183, 74, 49, 10, 80, 214, 145, 109, 68, 41, 130, 23, 106, 8, 126, 139, 33, 229, 142, 104, 45, 139, 5, 224,
	98, 252, 147, 170, 124, 195, 39, 250, 141, 229, 156, 131, 120, 150, 145, 10, 243, 113, 180, 6, 61, 142, 43, 218, 250,
	211, 240, 32, 146, 8, 179, 112, 48, 68, 207, 198, 193, 3, 136, 75, 3, 32, 75, 65, 24, 161, 81, 238, 49, 203, 111, 108,
	250, 50, 115, 250, 87, 153, 80, 171, 216, 182, 0, 155, 155, 3, 11, 43, 245, 163, 88, 25, 106, 73, 61, 228, 229, 147,
	161, 255, 42, 149, 213, 110, 232, 141, 79, 75, 60, 55, 163, 215, 127, 26, 96, 236, 191, 9, 246, 191, 33, 153, 81, 55,
	10, 60, 247, 189, 213, 140, 189, 186, 181, 191, 137, 155, 172, 156, 114, 1, 133, 85, 237, 182, 144, 25, 207, 97, 199,
	149, 10, 181, 246, 93, 23, 18, 114, 8, 59, 175, 29, 24, 166, 103, 247, 85, 130, 183, 34, 120, 104, 184, 237, 202, 0,
	167, 34, 235, 149, 12, 121, 14, 246, 59, 19, 109, 237, 22, 44, 73, 57, 4, 27, 222, 137, 105, 13, 206, 161, 228, 237,
	103, 46, 143, 178, 50, 34, 88, 19, 93, 189, 217, 37, 186, 146, 236, 180, 198, 44, 26, 5, 142, 213, 135, 237, 149, 101,
	83, 207, 83, 28, 96, 229, 134, 223, 65, 161, 62, 137, 111, 189, 135, 47, 105, 137, 182, 102, 195, 47, 135, 222, 146,
	96, 18, 200, 39, 35, 229, 75, 157, 63, 112, 169, 52, 154, 15, 84, 155, 242, 142, 232, 108, 225, 90, 23, 12, 154, 181,
	241, 17, 105, 185, 45, 89, 13, 53, 170, 159, 207, 36, 151, 132, 202, 211, 172, 204, 203, 241, 101, 29, 201, 108, 66,
	55, 127, 44, 59, 136, 253, 168, 134, 83, 246, 217, 131, 219, 85, 172, 53, 180, 66, 182, 203, 42, 239, 125, 215, 119,
	35, 151, 122, 238, 31, 204, 209, 229, 119, 210, 32, 39, 247, 134, 106, 200, 108, 6, 123, 222, 164, 246, 4, 115, 78, 50,
	230, 209, 202, 26, 22, 134, 65, 184, 139, 51, 6, 16, 111, 227, 119, 148, 219, 70, 209, 36, 68, 30, 163, 2, 75, 104, 52,
	207, 36, 65, 55, 248, 180, 65, 16, 142, 105, 149, 15, 139, 34, 109, 232, 89, 103, 72, 78, 253, 98, 60, 83, 149, 168,
	40, 112, 165, 147, 40, 52, 222, 212, 120, 211, 67, 240, 166, 73, 82, 75, 155, 43, 173, 197, 125, 238, 234, 82, 180,
	101, 246, 186, 73, 9, 207, 18, 62, 150, 119, 34, 218, 224, 145, 28, 199, 28, 133, 68, 201, 215, 163, 4, 192, 190, 30,
	157, 232, 5, 77, 160, 55, 10, 131, 169, 98, 160, 12, 14, 211, 238, 247, 147, 236, 149, 100, 37, 215, 238, 239, 134, 94,
	208, 167, 158, 53, 100, 145, 133, 250, 226, 177, 104, 233, 125, 243, 114, 103, 114, 235, 68, 81, 178, 140, 63, 35, 112,
	181, 48, 180, 158, 183, 29, 68, 110, 106, 198, 36, 36, 183, 226, 163, 39, 169, 77, 57, 26, 250, 211, 34, 50, 20, 227,
	14, 42, 111, 26, 36, 136, 128, 10, 166, 47, 175, 195, 143, 129, 235, 40, 236, 231, 159, 18, 70, 18, 194, 170, 86, 218,
	224, 197, 132, 77, 81, 240, 141, 249, 155, 86, 187, 74, 186, 187, 46, 79, 76, 38, 86, 230, 185, 253, 16, 83, 126, 73,
	48, 32, 82, 144, 248, 251, 28, 95, 33, 76, 6, 1, 194, 103, 4, 83, 200, 32, 246, 237, 221, 118, 81, 101, 10, 16, 193,
	227, 247, 169, 253, 109, 247, 72, 178, 147, 104, 236, 123, 169, 176, 151, 233, 64, 58, 55, 161, 171, 230, 76, 246, 164,
	53, 85, 208, 204, 133, 187, 153, 39, 6, 105, 110, 48, 106, 197, 248, 198, 183, 192, 55, 131, 18, 6, 37, 74, 112, 163,
	88, 155, 180, 241, 99, 119, 223, 104, 0, 177, 86, 64, 76, 175, 142, 212, 132, 124, 131, 144, 49, 3, 125, 6, 250, 52,
	107, 249, 7, 80, 51, 69, 90, 126, 190, 167, 127, 55, 202, 77, 246, 184, 112, 115, 16, 59, 244, 144, 13, 93, 14, 159, 0,
	75, 96, 41, 37, 50, 141, 14, 154, 183, 219, 166, 189, 154, 108, 250, 37, 210, 150, 58, 36, 45, 250, 177, 192, 135, 204,
	254, 170, 118, 115, 171, 232, 16, 169, 213, 76, 139, 11, 114, 3, 15, 57, 5, 124, 32, 124, 20, 196, 158, 147, 94, 179,
	92, 37, 109, 81, 202, 146, 124, 84, 214, 175, 8, 94, 192, 80, 193, 195, 250, 243, 21, 13, 249, 147, 149, 213, 87, 229,
	178, 127, 239, 131, 192, 43, 157, 67, 129, 8, 7, 98, 195, 1, 225, 177, 109, 51, 206, 7, 177, 135, 133, 203, 64, 101,
	118, 236, 32, 249, 135, 212, 254, 141, 136, 139, 171, 79, 46, 103, 100, 64, 61, 206, 42, 207, 175, 8, 30, 238, 10, 58,
	135, 141, 181, 137, 71, 223, 21, 66, 174, 229, 215, 20, 175, 186, 169, 155, 171, 176, 92, 69, 227, 92, 65, 68, 5, 190,
	73, 222, 72, 159, 157, 99, 205, 76, 171, 210, 164, 203, 252, 212, 162, 90, 197, 95, 7, 184, 157, 193, 162, 132, 201,
	83, 72, 39, 114, 160, 143, 129, 19, 100, 69, 134, 178, 129, 3, 237, 195, 198, 137, 10, 153, 19, 62, 97, 182, 59, 112,
	109, 92, 186, 27, 37, 16, 123, 10, 223, 116, 69, 45, 33, 140, 80, 52, 99, 170, 50, 242, 252, 111, 6, 241, 49, 7, 133,
	131, 145, 28, 6, 156, 29, 187, 62, 75, 203, 76, 128, 156, 137, 228, 117, 204, 53, 103, 192, 109, 202, 35, 8, 239, 27,
	114, 112, 115, 43, 166, 93, 184, 138, 54, 131, 166, 83, 18, 132, 228, 230, 254, 250, 26, 49, 222, 141, 136, 77, 253,
	31, 34, 228, 36, 174, 98, 185, 31, 12, 146, 104, 64, 189, 162, 0, 218, 138, 104, 229, 201, 160, 216, 119, 65, 214, 222,
	148, 184, 14, 166, 90, 7, 83, 121, 110, 221, 143, 93, 47, 122, 229, 206, 66, 49, 217, 119, 13, 127, 184, 122, 95, 221,
	9, 59, 207, 39, 64, 36, 112, 58, 238, 64, 180, 206, 136, 138, 116, 83, 231, 217, 22, 246, 192, 176, 92, 167, 169, 231,
	179, 245, 156, 202, 102, 220, 113, 183, 40, 164, 146, 36, 166, 123, 153, 206, 149, 162, 62, 70, 201, 46, 161, 115, 85,
	237, 65, 69, 166, 150, 16, 239, 160, 35, 91, 77, 136, 78, 173, 220, 79, 33, 183, 144, 200, 118, 234, 184, 89, 18, 198,
	101, 84, 16, 196, 229, 68, 32, 123, 246, 84, 84, 177, 57, 162, 60, 185, 237, 146, 148, 86, 54, 103, 31, 155, 187, 38,
	4, 84, 102, 247, 83, 146, 171, 44, 24, 76, 202, 159, 229, 31, 147, 98, 174, 133, 171, 185, 34, 32, 39, 105, 100, 37,
	118, 186, 5, 67, 251, 65, 50, 150, 209, 126, 253, 1, 83, 161, 154, 53, 38, 221, 152, 15, 166, 102, 229, 187, 149, 197,
	77, 35, 134, 135, 85, 66, 67, 97, 75, 85, 164, 253, 11, 10, 94, 72, 159, 170, 70, 241, 217, 54, 201, 243, 214, 131, 68,
	213, 102, 96, 44, 160, 185, 22, 240, 124, 239, 65, 233, 230, 129, 48, 161, 151, 116, 225, 9, 156, 114, 163, 238, 60,
	209, 162, 43, 79, 120, 28, 193, 185, 59, 244, 153, 243, 18, 175, 61, 97, 109, 172, 168, 157, 136, 67, 150, 103, 203,
	40, 192, 243, 151, 58, 111, 56, 229, 188, 96, 226, 27, 243, 119, 109, 50, 247, 169, 201, 55, 134, 108, 32, 246, 115,
	133, 190, 171, 97, 185, 5, 185, 163, 144, 202, 155, 118, 47, 77, 146, 137, 85, 71, 188, 203, 253, 122, 55, 58, 190, 91,
	54, 208, 226, 233, 43, 111, 40, 155, 109, 246, 242, 82, 161, 43, 233, 80, 181, 211, 67, 77, 229, 43, 53, 181, 82, 121,
	54, 72, 148, 167, 207, 33, 76, 205, 250, 34, 195, 191, 84, 122, 232, 159, 35, 65, 204, 31, 202, 195, 28, 209, 70, 66,
	183, 62, 39, 59, 145, 44, 145, 102, 135, 140, 70, 106, 206, 223, 101, 159, 141, 245, 53, 27, 165, 250, 96, 206, 15, 60,
	59, 124, 11, 106, 202, 253, 14, 130, 157, 227, 237, 249, 37, 116, 96, 8, 157, 133, 156, 203, 179, 237, 92, 194, 185,
	71, 149, 143, 229, 208, 136, 238, 96, 232, 243, 212, 94, 193, 151, 53, 236, 209, 144, 166, 229, 171, 164, 73, 232, 147,
	229, 15, 147, 3, 159, 28, 113, 103, 164, 135, 209, 80, 26, 204, 78, 32, 154, 149, 214, 154, 198, 80, 217, 17, 109, 50,
	29, 199, 8, 74, 106, 73, 101, 241, 156, 176, 225, 92, 154, 35, 91, 143, 200, 244, 129, 50, 70, 20, 126, 149, 11, 249,
	144, 58, 145, 10, 204, 62, 137, 252, 169, 166, 249, 250, 121, 17, 44, 128, 100, 60, 10, 170, 131, 9, 154, 213, 48, 117,
	81, 190, 199, 122, 241, 128, 231, 6, 248, 42, 7, 190, 243, 106, 145, 239, 220, 64, 159, 129, 62, 133, 208, 119, 190, 7,
	244, 93, 52, 8, 250, 46, 12, 244, 85, 14, 125, 23, 213, 66, 223, 133, 129, 62, 3, 125, 10, 161, 111, 183, 119, 146, 17,
	212, 48, 207, 201, 66, 235, 16, 55, 157, 159, 145, 254, 95, 4, 253, 243, 115, 212, 4, 65, 30, 245, 135, 49, 190, 79,
	84, 123, 6, 37, 5, 231, 235, 132, 162, 102, 61, 197, 162, 121, 209, 122, 115, 100, 79, 62, 11, 27, 176, 86, 191, 226,
	66, 158, 25, 148, 229, 80, 99, 9, 214, 6, 1, 30, 50, 205, 157, 89, 228, 193, 172, 176, 100, 91, 192, 120, 246, 130, 23,
	86, 90, 7, 130, 14, 234, 17, 81, 23, 96, 199, 60, 10, 198, 115, 211, 218, 162, 200, 154, 122, 92, 188, 89, 38, 161, 42,
	41, 141, 41, 198, 177, 227, 147, 61, 162, 71, 143, 13, 169, 45, 251, 73, 91, 169, 34, 204, 159, 79, 74, 210, 87, 194,
	145, 228, 157, 42, 100, 150, 239, 228, 41, 78, 115, 231, 38, 44, 29, 32, 232, 120, 13, 126, 21, 75, 181, 218, 248, 36,
	196, 39, 73, 34, 151, 241, 70, 60, 22, 56, 123, 243, 115, 144, 239, 37, 60, 23, 51, 125, 150, 36, 79, 59, 59, 69, 55,
	101, 251, 71, 55, 132, 47, 121, 110, 140, 233, 100, 130, 140, 200, 21, 122, 228, 58, 124, 74, 170, 171, 194, 202, 123,
	97, 161, 155, 176, 114, 161, 208, 105, 166, 116, 2, 50, 83, 138, 11, 1, 51, 11, 119, 33, 44, 206, 79, 49, 6, 168, 20,
	231, 249, 126, 238, 138, 226, 96, 181, 21, 21, 141, 206, 99, 123, 132, 192, 43, 74, 8, 253, 180, 28, 64, 94, 158, 218,
	28, 48, 214, 11, 180, 146, 241, 37, 11, 151, 23, 22, 164, 33, 244, 93, 189, 131, 218, 54, 252, 221, 52, 116, 210, 132,
	16, 253, 102, 20, 81, 123, 36, 119, 68, 249, 90, 59, 248, 211, 132, 134, 17, 170, 69, 177, 4, 77, 137, 104, 5, 23, 37,
	27, 179, 81, 16, 215, 36, 19, 106, 8, 251, 62, 129, 57, 240, 81, 213, 32, 148, 74, 179, 128, 89, 21, 22, 18, 20, 102,
	1, 68, 174, 96, 133, 102, 235, 239, 197, 176, 1, 32, 76, 141, 232, 238, 155, 198, 50, 109, 7, 42, 200, 74, 173, 212,
	61, 140, 58, 132, 250, 173, 87, 62, 157, 181, 9, 26, 13, 227, 167, 93, 12, 3, 139, 166, 105, 223, 3, 183, 33, 246, 103,
	43, 18, 70, 123, 25, 69, 104, 165, 147, 148, 173, 162, 212, 16, 119, 22, 118, 249, 245, 217, 19, 185, 76, 104, 213,
	222, 173, 42, 207, 245, 109, 178, 222, 11, 37, 148, 248, 245, 75, 241, 109, 53, 53, 14, 242, 130, 213, 32, 16, 119,
	115, 221, 164, 80, 38, 123, 125, 27, 11, 141, 119, 102, 140, 170, 84, 69, 146, 58, 72, 9, 72, 99, 160, 164, 46, 109,
	49, 65, 92, 24, 108, 195, 198, 234, 209, 197, 23, 100, 146, 229, 216, 16, 91, 67, 132, 205, 233, 0, 175, 166, 98, 35,
	42, 172, 199, 180, 217, 124, 202, 89, 6, 139, 188, 65, 71, 86, 197, 230, 122, 94, 254, 200, 106, 213, 128, 6, 0, 14,
	11, 0, 206, 13, 2, 52, 2, 1, 46, 246, 113, 190, 184, 127, 141, 57, 11, 11, 14, 248, 42, 107, 113, 140, 90, 144, 210,
	144, 89, 139, 204, 109, 60, 141, 224, 127, 4, 64, 200, 243, 61, 136, 77, 22, 4, 83, 245, 174, 179, 4, 174, 232, 76,
	100, 85, 2, 29, 149, 246, 249, 155, 207, 95, 82, 199, 9, 25, 231, 18, 60, 23, 27, 59, 96, 202, 107, 241, 112, 183, 34,
	160, 184, 101, 81, 232, 178, 199, 132, 128, 37, 237, 77, 96, 98, 73, 87, 87, 55, 158, 201, 128, 198, 197, 91, 183, 81,
	17, 2, 201, 59, 39, 178, 15, 162, 19, 48, 249, 185, 49, 141, 236, 81, 150, 115, 155, 164, 144, 131, 56, 90, 232, 103,
	143, 79, 200, 163, 187, 244, 94, 207, 60, 178, 227, 112, 190, 236, 168, 146, 158, 146, 167, 201, 188, 10, 146, 116,
	243, 244, 192, 142, 254, 30, 184, 139, 187, 181, 157, 112, 14, 219, 122, 56, 125, 43, 115, 38, 13, 191, 142, 2, 97, 0,
	232, 117, 122, 32, 85, 79, 227, 139, 195, 233, 120, 88, 125, 79, 169, 203, 84, 143, 242, 93, 50, 146, 23, 59, 103, 173,
	133, 146, 222, 122, 235, 83, 239, 146, 248, 44, 227, 62, 235, 75, 51, 20, 93, 166, 146, 230, 81, 120, 30, 10, 240, 231,
	129, 70, 56, 211, 87, 171, 155, 254, 157, 145, 14, 68, 21, 1, 48, 198, 166, 156, 225, 23, 151, 123, 128, 130, 205, 207,
	218, 75, 33, 44, 72, 128, 24, 196, 30, 98, 105, 22, 243, 230, 46, 255, 87, 83, 45, 252, 102, 171, 253, 199, 10, 75,
	222, 103, 7, 178, 114, 72, 131, 14, 6, 29, 12, 58, 108, 70, 135, 130, 53, 20, 253, 238, 235, 209, 77, 183, 215, 249,
	208, 185, 108, 245, 240, 249, 221, 207, 221, 187, 94, 231, 166, 211, 235, 180, 174, 59, 255, 187, 253, 245, 40, 91, 38,
	30, 70, 19, 58, 136, 68, 133, 70, 194, 202, 229, 96, 78, 213, 235, 182, 169, 249, 227, 222, 103, 245, 171, 121, 229,
	140, 127, 211, 123, 122, 37, 1, 32, 247, 142, 158, 8, 45, 87, 119, 45, 51, 24, 80, 26, 3, 74, 55, 172, 56, 8, 142, 36,
	87, 192, 181, 179, 100, 68, 249, 168, 226, 38, 13, 45, 108, 4, 51, 90, 174, 5, 206, 114, 42, 216, 164, 128, 226, 61,
	253, 154, 222, 125, 89, 182, 98, 0, 244, 196, 134, 147, 51, 211, 180, 154, 35, 1, 248, 68, 90, 88, 208, 129, 107, 211,
	116, 97, 52, 143, 132, 171, 218, 53, 214, 240, 210, 85, 97, 3, 71, 241, 70, 251, 142, 45, 28, 13, 24, 214, 217, 130,
	151, 110, 22, 168, 212, 249, 93, 196, 170, 90, 245, 211, 216, 201, 202, 34, 39, 41, 88, 197, 135, 244, 166, 195, 245,
	246, 54, 101, 153, 8, 35, 87, 82, 74, 67, 209, 251, 232, 112, 24, 35, 41, 174, 138, 63, 51, 179, 69, 5, 45, 209, 44,
	11, 201, 20, 199, 62, 34, 24, 209, 123, 119, 127, 105, 178, 138, 95, 95, 186, 77, 192, 110, 197, 219, 20, 243, 176, 91,
	223, 137, 150, 246, 27, 232, 155, 192, 255, 167, 253, 115, 75, 171, 134, 62, 55, 142, 197, 56, 22, 227, 88, 94, 160,
	99, 57, 175, 212, 179, 156, 27, 215, 82, 79, 185, 84, 125, 174, 229, 194, 184, 22, 227, 90, 140, 107, 121, 129, 174,
	229, 162, 82, 215, 114, 97, 92, 203, 54, 238, 65, 219, 73, 120, 13, 174, 229, 141, 113, 45, 198, 181, 24, 215, 242, 2,
	93, 203, 155, 74, 93, 203, 27, 227, 90, 182, 113, 15, 187, 184, 150, 159, 26, 238, 90, 126, 50, 174, 197, 184, 22, 227,
	90, 94, 160, 107, 249, 169, 82, 215, 242, 147, 113, 45, 197, 238, 65, 33, 150, 235, 121, 4, 201, 32, 186, 65, 244, 61,
	170, 243, 202, 53, 248, 20, 42, 36, 11, 182, 42, 57, 21, 158, 77, 85, 31, 78, 229, 158, 137, 105, 248, 249, 176, 74,
	204, 122, 116, 195, 40, 166, 158, 193, 46, 131, 93, 207, 9, 187, 190, 72, 181, 126, 105, 16, 150, 88, 243, 70, 40, 75,
	96, 236, 52, 105, 168, 43, 129, 202, 29, 79, 60, 134, 214, 46, 13, 67, 78, 203, 241, 182, 69, 0, 162, 15, 103, 227,
	240, 195, 185, 240, 189, 9, 254, 80, 160, 67, 248, 189, 208, 34, 234, 71, 6, 0, 13, 0, 54, 1, 0, 153, 31, 143, 15, 131,
	33, 72, 169, 126, 126, 164, 246, 121, 32, 74, 146, 80, 91, 33, 95, 228, 5, 133, 234, 159, 7, 205, 150, 170, 251, 225,
	203, 137, 229, 114, 171, 239, 70, 3, 151, 121, 187, 60, 146, 187, 226, 205, 241, 221, 86, 250, 235, 136, 9, 23, 8, 190,
	16, 219, 14, 200, 86, 28, 233, 202, 221, 89, 111, 72, 74, 82, 10, 107, 73, 180, 36, 222, 108, 70, 90, 233, 189, 204,
	77, 16, 49, 66, 251, 65, 140, 15, 185, 201, 25, 240, 214, 66, 186, 186, 164, 207, 42, 57, 118, 7, 100, 78, 48, 200, 12,
	124, 168, 253, 228, 29, 97, 120, 185, 1, 194, 144, 120, 56, 34, 139, 138, 138, 31, 147, 111, 167, 158, 206, 250, 40,
	226, 53, 68, 152, 4, 86, 18, 22, 182, 88, 165, 206, 163, 155, 60, 86, 16, 97, 106, 43, 163, 134, 99, 123, 206, 24, 22,
	255, 246, 141, 21, 157, 18, 17, 44, 72, 25, 193, 127, 134, 204, 103, 33, 197, 219, 156, 182, 199, 96, 228, 80, 92, 43,
	194, 224, 100, 18, 34, 137, 17, 25, 195, 242, 232, 55, 88, 141, 231, 126, 195, 110, 22, 184, 208, 87, 175, 197, 205,
	36, 206, 34, 113, 159, 10, 31, 71, 128, 217, 138, 3, 159, 180, 91, 60, 105, 125, 238, 240, 244, 54, 105, 52, 138, 121,
	218, 144, 66, 220, 86, 237, 67, 88, 68, 101, 204, 35, 130, 174, 48, 19, 220, 108, 25, 199, 233, 34, 78, 96, 102, 208,
	41, 26, 201, 208, 41, 24, 227, 199, 99, 143, 206, 68, 139, 188, 79, 62, 91, 215, 214, 49, 105, 189, 59, 53, 49, 147,
	137, 153, 154, 16, 51, 149, 218, 45, 230, 59, 128, 235, 220, 35, 230, 231, 169, 226, 241, 26, 68, 174, 157, 154, 210,
	215, 163, 26, 72, 112, 218, 43, 64, 146, 92, 197, 195, 242, 195, 195, 99, 206, 176, 28, 115, 212, 165, 22, 82, 180,
	127, 97, 249, 209, 116, 217, 128, 46, 14, 251, 206, 76, 134, 212, 56, 59, 227, 236, 140, 179, 51, 206, 174, 129, 206,
	174, 148, 25, 1, 170, 215, 144, 54, 17, 243, 34, 51, 176, 241, 81, 250, 110, 200, 192, 13, 193, 94, 83, 143, 146, 246,
	205, 72, 152, 129, 187, 214, 57, 165, 225, 53, 165, 24, 132, 27, 60, 156, 112, 224, 92, 79, 56, 48, 12, 131, 120, 98,
	130, 1, 19, 12, 52, 33, 24, 16, 202, 184, 7, 71, 180, 113, 35, 247, 90, 19, 146, 88, 65, 25, 99, 200, 6, 238, 247, 198,
	114, 65, 146, 135, 29, 115, 229, 195, 80, 179, 199, 171, 4, 96, 98, 186, 18, 249, 84, 235, 254, 78, 74, 106, 59, 88,
	175, 121, 79, 198, 227, 190, 193, 97, 131, 195, 141, 193, 225, 84, 31, 155, 13, 197, 41, 149, 6, 141, 55, 162, 113,
	202, 170, 90, 1, 57, 147, 87, 147, 49, 89, 52, 25, 244, 12, 16, 27, 32, 110, 4, 16, 11, 109, 60, 12, 150, 72, 90, 245,
	243, 36, 181, 69, 147, 58, 44, 228, 138, 29, 196, 126, 84, 67, 38, 200, 143, 199, 125, 172, 44, 25, 100, 137, 31, 158,
	87, 139, 4, 106, 234, 72, 246, 164, 36, 168, 202, 240, 240, 70, 157, 248, 196, 190, 105, 126, 105, 156, 88, 101, 78,
	108, 207, 167, 177, 253, 112, 207, 11, 117, 179, 17, 68, 61, 211, 252, 237, 201, 62, 27, 4, 33, 246, 219, 151, 63, 138,
	250, 36, 215, 31, 193, 103, 193, 104, 221, 236, 221, 54, 30, 123, 248, 123, 50, 160, 174, 135, 237, 164, 73, 71, 126,
	38, 8, 103, 61, 251, 103, 102, 133, 15, 226, 98, 66, 91, 147, 29, 99, 215, 230, 68, 149, 173, 9, 141, 70, 198, 106,
	171, 183, 218, 176, 136, 243, 235, 120, 52, 247, 200, 160, 246, 125, 222, 200, 181, 71, 203, 111, 14, 34, 201, 149,
	118, 130, 78, 39, 77, 15, 116, 236, 56, 20, 182, 151, 227, 75, 42, 94, 77, 182, 194, 28, 52, 82, 139, 58, 142, 53, 241,
	226, 161, 235, 31, 105, 104, 6, 126, 24, 216, 157, 30, 51, 166, 88, 119, 140, 131, 51, 81, 120, 42, 11, 45, 219, 130,
	87, 159, 5, 155, 78, 18, 29, 114, 121, 250, 218, 8, 201, 161, 155, 24, 115, 117, 251, 117, 45, 10, 213, 114, 28, 233,
	1, 4, 149, 68, 74, 179, 248, 101, 181, 8, 240, 0, 35, 173, 244, 53, 52, 226, 196, 194, 44, 50, 11, 164, 187, 189, 50,
	82, 70, 227, 66, 54, 14, 30, 153, 81, 186, 5, 165, 147, 143, 161, 82, 46, 74, 144, 221, 32, 230, 16, 13, 131, 113, 130,
	78, 209, 34, 233, 86, 21, 249, 163, 172, 54, 206, 175, 88, 67, 70, 204, 3, 103, 27, 80, 199, 250, 62, 246, 44, 180, 64,
	43, 142, 6, 63, 91, 246, 136, 134, 170, 35, 241, 130, 103, 62, 87, 108, 124, 113, 118, 229, 187, 220, 251, 222, 135,
	87, 63, 131, 139, 182, 3, 148, 244, 37, 238, 138, 208, 30, 143, 253, 24, 140, 19, 62, 53, 118, 125, 236, 105, 115, 82,
	149, 192, 175, 129, 235, 92, 60, 193, 251, 219, 167, 235, 87, 16, 1, 142, 105, 132, 119, 255, 156, 192, 22, 92, 22,
	248, 32, 223, 72, 79, 2, 76, 41, 179, 213, 143, 56, 165, 251, 189, 116, 217, 217, 197, 194, 49, 124, 51, 45, 102, 215,
	213, 112, 110, 195, 11, 139, 60, 123, 98, 81, 34, 252, 47, 160, 120, 200, 129, 223, 198, 222, 7, 208, 186, 123, 80,
	186, 75, 161, 115, 138, 117, 216, 162, 190, 99, 121, 204, 127, 9, 186, 172, 57, 167, 247, 7, 171, 53, 63, 211, 159,
	226, 227, 200, 199, 120, 1, 8, 151, 141, 239, 122, 68, 220, 88, 107, 173, 214, 218, 242, 157, 107, 176, 173, 50, 145,
	73, 146, 252, 201, 94, 255, 97, 28, 223, 130, 118, 196, 27, 199, 125, 106, 127, 51, 27, 202, 90, 210, 64, 197, 220, 95,
	199, 39, 169, 33, 176, 213, 186, 148, 98, 188, 7, 41, 94, 110, 24, 102, 183, 59, 142, 201, 96, 8, 125, 97, 242, 244,
	113, 194, 67, 46, 174, 253, 37, 250, 35, 78, 18, 235, 72, 212, 206, 8, 196, 192, 242, 163, 124, 43, 17, 172, 89, 132,
	253, 64, 52, 232, 248, 28, 189, 248, 235, 148, 230, 227, 252, 147, 122, 39, 114, 132, 49, 157, 138, 92, 14, 159, 169,
	5, 14, 133, 209, 202, 220, 107, 211, 133, 200, 34, 175, 221, 229, 191, 155, 132, 147, 130, 16, 188, 140, 23, 165, 79,
	59, 138, 50, 194, 129, 235, 49, 188, 204, 70, 190, 30, 245, 130, 192, 227, 95, 143, 200, 255, 3, 255, 222, 246, 33,
	246, 100, 228, 50, 24, 79, 92, 79, 130, 27, 4, 239, 3, 119, 24, 135, 242, 39, 41, 246, 179, 179, 179, 228, 11, 87, 44,
	202, 222, 168, 135, 97, 241, 169, 198, 175, 71, 39, 167, 69, 68, 194, 100, 65, 232, 72, 95, 6, 250, 47, 166, 96, 9,
	223, 68, 208, 30, 248, 222, 116, 150, 234, 203, 36, 91, 180, 205, 242, 147, 163, 228, 4, 76, 83, 81, 156, 46, 26, 83,
	122, 49, 48, 189, 19, 88, 164, 63, 130, 249, 22, 112, 223, 202, 216, 207, 17, 216, 113, 208, 233, 169, 188, 83, 40, 94,
	193, 118, 229, 126, 194, 245, 31, 3, 91, 114, 67, 142, 238, 255, 32, 222, 196, 6, 181, 88, 245, 218, 246, 220, 97, 139,
	120, 72, 27, 191, 147, 162, 97, 78, 151, 78, 51, 126, 128, 178, 0, 121, 128, 125, 73, 98, 16, 221, 95, 242, 96, 166,
	188, 44, 73, 253, 105, 186, 4, 77, 173, 183, 50, 180, 30, 83, 215, 135, 80, 43, 152, 1, 133, 73, 215, 215, 138, 211,
	187, 119, 194, 251, 4, 34, 188, 6, 9, 166, 16, 205, 21, 7, 167, 226, 240, 76, 28, 56, 197, 97, 162, 178, 64, 67, 4,
	179, 242, 12, 201, 196, 188, 213, 35, 117, 54, 53, 210, 57, 123, 111, 22, 40, 116, 220, 193, 128, 137, 172, 224, 100,
	132, 111, 213, 166, 149, 240, 168, 239, 4, 245, 189, 156, 97, 253, 73, 46, 232, 63, 127, 250, 255, 1, 191, 73, 11, 91
};

class GDExtensionInterfaceDump {
	public:
		static Vector<uint8_t> load_gdextension_interface_file() {
			Vector<uint8_t> data;
			data.resize(_gdextension_interface_data_uncompressed_size);
			int ret = Compression::decompress(data.ptrw(), _gdextension_interface_data_uncompressed_size, _gdextension_interface_data_compressed, _gdextension_interface_data_compressed_size, Compression::MODE_DEFLATE);
			ERR_FAIL_COND_V_MSG(ret == -1, Vector<uint8_t>(), "Compressed file is corrupt.");
			return data;
		}

		static void generate_gdextension_interface_file(const String &p_path) {
			Ref<FileAccess> fa = FileAccess::open(p_path, FileAccess::WRITE);
			ERR_FAIL_COND_MSG(fa.is_null(), vformat("Cannot open file '%s' for writing.", p_path));
			Vector<uint8_t> data = load_gdextension_interface_file();
			if (data.size() > 0) {
				fa->store_buffer(data.ptr(), data.size());
			}
		}
};

#endif // TOOLS_ENABLED
